dist_x_mm_l,dist_y_mm_l,err_x_mm_l,err_y_mm_l,dist_x_mm_r,dist_y_mm_r,err_x_mm_r,err_y_mm_r
0.0,0.0,0.0,0.0,-0.17454776261504282,0.25812619502868067,0.059729583687529196,-0.04724658105519803
-0.17170111287758347,0.12812299807815503,0.030648398313758877,0.02541306369891335,-0.1967629324024119,0.29318036966220523,0.067681556906224,-0.05353665582269169
-0.1971383147853736,0.14093529788597053,0.034668329860834846,0.028746313790003794,0.0,0.0,0.0,0.0
0.0,0.0,0.0,0.0,-0.23484608060933035,0.35691523263224983,0.08189720989865754,-0.06478135166509398
-0.21303656597774245,0.15054452274183217,0.037318580955903694,0.030943851136249513,0.0,0.0,0.0,0.0
-0.23211446740858505,0.17937219730941706,0.04196584281976938,0.03479727148673258,-0.24754046334496985,0.38878266411727214,0.08834761377425672,-0.06988367300625026
0.0,0.0,0.0,0.0,-0.28879720723579816,0.4397705544933078,0.10084939191154613,-0.0797726800548775
-0.26073131955484896,0.19538757206918642,0.04661130601448687,0.03864920041527679,0.0,0.0,0.0,0.0
0.0,0.0,0.0,0.0,-0.291970802919708,0.45251752708731674,0.10322905921294075,-0.08165501602808503
-0.2988871224165342,0.22101217168481743,0.053178872285492895,0.04409490032700705,-0.3268803554427166,0.4875717017208413,0.11252053719054482,-0.08900464983246585
-0.314785373608903,0.20819987187700192,0.05399184092430584,0.0447689983203791,0.0,0.0,0.0,0.0
0.0,0.0,0.0,0.0,-0.390352269120914,0.5768005098789037,0.13350347544988042,-0.10560232274497439
-0.3275039745627981,0.23702754644458682,0.05783584515844682,0.047956372859859125,-0.4030466518565535,0.579987253027406,0.13538351037658755,-0.10708944549165139
-0.3942766295707472,0.25944907110826393,0.06752164060723079,0.055987648562905924,0.0,0.0,0.0,0.0
0.0,0.0,0.0,0.0,-0.48873373532211994,0.704270235818993,0.16431990794809567,-0.12997836868354595
-0.41017488076311603,0.30108904548366433,0.32940210852310986,0.1467140790787353,0.0,0.0,0.0,0.0
-0.5087440381558028,0.336322869955157,0.39481593910884183,0.1758490775049059,-0.510948905109489,0.7680050987890376,0.394345576903186,0.12901765021270722
0.0,0.0,0.0,0.0,-0.6029831799428752,0.8763543658381134,0.45475897451433434,0.14878304142709864
-0.5564387917329093,0.36835361947469575,0.43200869666712494,0.19241454880084738,0.0,0.0,0.0,0.0
0.0,0.0,0.0,0.0,-0.6442399238337035,0.9942638623326959,0.506477454595484,0.16570372512042883
-0.6232114467408585,0.44522741832158874,0.4958386846866097,0.2208441115376275,-0.7045382418279911,1.0548119821542383,0.5422704113717498,0.1774140711922767
-0.6200317965023847,0.3939782190903267,0.47557761552017996,0.21181993097839852,0.0,0.0,0.0,0.0
0.0,0.0,0.0,0.0,-0.7077118375119009,1.1089866156787762,0.5624052618196792,0.18400157018890903
-0.6168521462639109,0.45803971812940425,0.49739445332853593,0.22153704323919787,0.0,0.0,0.0,0.0
-0.5659777424483307,0.4099935938500961,0.45244019024607435,0.20151463555523547,-0.6664550936210726,1.0325047801147227,0.5253622797231847,0.17188225457621123
0.0,0.0,0.0,0.0,-0.6220247540463345,0.952836201402167,0.4864529590121734,0.15915233081510427
-0.534181240063593,0.36835361947469575,0.4200689345864334,0.18709663749195551,0.0,0.0,0.0,0.0
0.0,0.0,0.0,0.0,-0.6220247540463345,0.940089228808158,0.481899070427076,0.1576624396156298
-0.6104928457869634,0.4356181934657271,0.4855228053768709,0.2162494696283772,-0.6537607108854332,1.010197578075207,0.5144073570214733,0.16829814341073052
-0.6454689984101749,0.44202434336963486,0.5064578266839966,0.22557382515645713,0.0,0.0,0.0,0.0
0.0,0.0,0.0,0.0,-0.7299270072992701,1.1281070745697896,-0.2133463844686789,-0.026103693900804723
-0.6454689984101749,0.47085201793721976,-0.2686665966128743,0.04217246046082653,0.0,0.0,0.0,0.0
-0.5723370429252782,0.41319666880204997,-0.2373757627560168,0.03726075401778083,-0.656934306569343,1.0261312938177183,-0.1934583904529521,-0.02367032663573263
0.0,0.0,0.0,0.0,-0.6029831799428752,0.9496494582536648,-0.17861343030144947,-0.02185399261756061
-0.5596184419713831,0.3971812940422806,-0.23076325155589833,0.03622279146251911,0.0,0.0,0.0,0.0
0.0,0.0,0.0,0.0,-0.609330371310695,0.9719566602931803,-0.18214676528011992,-0.022286308801225584
-0.604133545310016,0.438821268417681,-0.25108975621700097,0.039413432669629565,-0.7140590288797207,1.0898661567877628,-0.20688323100621087,-0.025312903937157787
-0.6263910969793323,0.4612427930813581,-0.261581990399417,0.041060393388908156,0.0,0.0,0.0,0.0
0.0,0.0,0.0,0.0,-0.6537607108854332,1.0293180369662205,-0.19361409535182245,-0.023689377687519095
-0.5818759936406995,0.41319666880204997,-0.2399838477629711,0.037670143808774245,-0.6854966677245319,1.0834926704907584,-0.20357712026930447,-0.024908389452915198
-0.5882352941176471,0.43241511851377323,-0.2455022552006443,0.03853636544706499,0.0,0.0,0.0,0.0
0.0,0.0,0.0,0.0,-0.6347191367819739,0.981516889738687,-0.18559248303585116,-0.022707904704002087
-0.5564387917329093,0.4196028187059577,-0.2343528772313253,0.03678625319827126,0.0,0.0,0.0,0.0
-0.5882352941176471,0.41639974375400385,-0.24235130576264927,0.03804176249953377,-0.5966359885750555,0.9209687699171446,-0.17423604957563263,-0.021318404415123646
0.0,0.0,0.0,0.0,-0.6474135195176134,1.0070108349267048,0.2608293508882911,0.053234285647789335
-0.6263910969793323,0.4516335682254965,0.17412513756076387,0.12410369533595834,0.0,0.0,0.0,0.0
0.0,0.0,0.0,0.0,-0.7331006029831799,1.118546845124283,0.2913770819702844,0.05946896221609913
-0.6740858505564388,0.4804612427930814,0.18665286766740308,0.13303254743729792,-0.6950174547762614,1.0739324410452518,0.2787037911510584,0.05688239141311797
-0.5882352941176471,0.4260089686098655,0.16376761515231553,0.11672160896164109,0.0,0.0,0.0,0.0
0.0,0.0,0.0,0.0,-0.6664550936210726,1.0420650095602295,0.2694978296588854,0.055003489433460104
-0.575516693163752,0.44522741832158874,0.16406887217379823,0.11693632298935498,0.0,0.0,0.0,0.0
-0.534181240063593,0.40358744394618834,0.15096164306631296,0.10759444627562484,-0.5998095842589654,0.9655831739961759,0.24765813791186383,0.050546090812633324
0.0,0.0,0.0,0.0,-0.6632814979371627,1.048438495857234,0.27029838617376656,0.0551668799953169
-0.6454689984101749,0.4676489429852659,0.17972695372985434,0.12809626123951287,0.0,0.0,0.0,0.0
0.0,0.0,0.0,0.0,-0.7108854331958108,1.0866794136392606,0.28291710968754624,0.05774231381729778
-0.670906200317965,0.47405509288917363,0.18523219372855998,0.1320199946942088,-0.7331006029831799,1.1217335882727852,0.29195802411364713,0.05958753031397343
-0.5882352941176471,0.4356181934657271,0.16504783772041012,0.1176340582138209,0.0,0.0,0.0,0.0
0.0,0.0,0.0,0.0,-0.6505871152015232,1.038878266411727,0.26706230251151863,0.054506407539017185
-0.5437201907790143,0.42921204356181936,-0.29840364788147034,-0.012557048580823035,0.0,0.0,0.0,0.0
-0.5468998410174881,0.4260089686098655,-0.29863006090252336,-0.0125665762100088,-0.5902887972072357,0.9592096876991714,-0.22026709879464548,-0.05208327797301295
0.0,0.0,0.0,0.0,-0.6029831799428752,1.0133843212237093,-0.23061707971103856,-0.054530583703345584
-0.5850556438791733,0.4548366431774504,-0.3192282341848278,-0.013433362740329125,0.0,0.0,0.0,0.0
0.0,0.0,0.0,0.0,-0.7235798159314503,1.1567877629063097,-0.2668444144620491,-0.0630967216167403
-0.6009538950715422,0.4484304932735426,-0.32300438212015026,-0.013592265868386907,-0.6474135195176134,1.0516252390057361,-0.24151478605755058,-0.057107401902793585
-0.5214626391096979,0.5092889173606663,-0.3139919939040664,-0.013213017834852297,0.0,0.0,0.0,0.0
0.0,0.0,0.0,0.0,-0.6918438590923516,1.1312938177182918,-0.2593392209454508,-0.06132208036389177
-0.5500794912559619,0.4260089686098655,-0.29971181107029293,-0.012612097065753804,-0.5998095842589654,0.9623964308476737,-0.22177731119860614,-0.05244037539184764
-0.534181240063593,0.3971812940422806,-0.2867486777480276,-0.012066598724687847,0.0,0.0,0.0,0.0
0.0,0.0,0.0,0.0,-0.536337670580768,0.8954748247291268,-0.20413643126974412,-0.04826909943619502
-0.4864864864864865,0.3843689942344651,-0.2670827551385778,-0.011239041999604996,0.0,0.0,0.0,0.0
-0.6104928457869634,0.4516335682254965,-0.32712566612472743,-0.013765692580252712,-0.5807680101555062,0.952836201402167,-0.21823167664861057,-0.051601992034239146
0.0,0.0,0.0,0.0,-0.7108854331958108,1.0739324410452518,-0.2518736598735645,-0.05955681040455905
-0.604133545310016,0.4548366431774504,0.2314634971094229,0.07161036212515887,0.0,0.0,0.0,0.0
0.0,0.0,0.0,0.0,-0.6759758806728022,1.077119184193754,0.24320490773162656,0.12591063679869283
-0.629570747217806,0.4516335682254965,0.23715695151172328,0.0733718076082843,-0.6632814979371627,1.0006373486297004,0.22959622351695635,0.11886522759440059
-0.5977742448330684,0.42921204356181936,0.22524861813933975,0.06968759789162059,0.0,0.0,0.0,0.0
0.0,0.0,0.0,0.0,-0.5998095842589654,0.9560229445506692,0.21584516417265318,0.11174610876227402
-0.5500794912559619,0.40358744394618834,0.20882669369389226,0.0646069697536358,0.0,0.0,0.0,0.0
-0.5818759936406995,0.4228058936579116,0.22015571023907848,0.0681119499663005,-0.6474135195176134,1.022944550669216,0.2315270612442784,0.1198648497240261
0.0,0.0,0.0,0.0,-0.6537607108854332,1.010197578075207,0.23012807288584378,0.11914057357052495
-0.6359300476947536,0.4548366431774504,0.2393102708130473,0.07403800325841746,0.0,0.0,0.0,0.0
0.0,0.0,0.0,0.0,-0.6854966677245319,1.0675589547482474,0.24263716380098854,0.12561670769787012
-0.5977742448330684,0.4484304932735426,0.22872943547468402,0.07076449594677135,-0.5934623928911457,0.9655831739961759,0.2167580493115769,0.1122187223712592
-0.5373608903020668,0.42921204356181936,0.21050445474499946,0.06512603681142105,0.0,0.0,0.0,0.0
0.0,0.0,0.0,0.0,-0.561726436052047,0.9369024856596558,0.20891949342511687,0.10816059059895376
-0.5087440381558028,0.39077514413837283,0.196353444503597,0.06074798592876028,0.0,0.0,0.0,0.0
-0.5214626391096979,0.40038436899423446,0.20123242328596058,0.06225744829223978,-0.6156775626785147,0.9687699171446781,0.219526773767232,0.11365213036694133
0.0,0.0,0.0,0.0,-0.5998095842589654,0.9432759719566602,0.0825429400956032,-0.031153584881012025
-0.575516693163752,0.4099935938500961,-0.013029958041322025,0.10686120605137135,0.0,0.0,0.0,0.0
-0.5977742448330684,0.4196028187059577,-0.013467370026418615,0.11044850634201783,0.0,0.0,0.0,0.0
0.0,0.0,0.0,0.0,-0.609330371310695,0.9878903760356915,0.08570821594552348,-0.03234823205190389
-0.5532591414944356,0.4260089686098655,-0.012875932521667063,0.10559801297424702,0.0,0.0,0.0,0.0
0.0,0.0,0.0,0.0,-0.6505871152015232,1.0325047801147227,0.09011562292650478,-0.034011687791766484
-0.534181240063593,0.37475976937860345,-0.012032505484312834,0.09868090471172007,-1.1805775944144714,1.8483110261312938,0.16194888868917176,-0.06112319774798556
-0.5532591414944356,0.4067905188981422,-0.012662838673943796,0.1038503891140918,0.0,0.0,0.0,0.0
0.0,0.0,0.0,0.0,-0.6251983497302444,0.9910771191841937,0.08652803193452312,-0.03265764927123882
-0.6009538950715422,0.47085201793721976,-0.014077755350723292,0.11545439444268568,0.0,0.0,0.0,0.0
-0.6168521462639109,0.45803971812940425,-0.01416755813527973,0.11619088444779846,-0.6537607108854332,1.0548119821542383,0.09163670136061952,-0.03458577742381722
0.0,0.0,0.0,0.0,-0.6728022849888924,1.0707456978967496,0.09337927999062054,-0.035243466272781125
-0.5723370429252782,0.43241511851377323,-0.013227291083082172,0.10847957249348887,0.0,0.0,0.0,0.0
0.0,0.0,0.0,0.0,-0.5775944144715963,0.9623964308476737,0.08288182204320967,-0.03128148664350283
-0.492845786963434,0.36835361947469575,-0.011345814182974623,0.09304921653488374,-0.5871152015233259,0.9878903760356915,0.08485853175285761,-0.03202754189248369
-0.5532591414944356,0.4196028187059577,-0.07285797415679593,0.17239549916829122,0.0,0.0,0.0,0.0
0.0,0.0,0.0,0.0,-0.6029831799428752,0.9910771191841937,-0.017706913578330385,0.18526627244347993
-0.5850556438791733,0.4356181934657271,-0.07653464770098295,0.18109519166268995,0.0,0.0,0.0,0.0
-0.6232114467408585,0.464445868033312,-0.0815522253373373,0.19296771229266793,-0.6474135195176134,1.0579987253027405,-0.018932087364786677,0.19808518520928242
0.0,0.0,0.0,0.0,-0.7013646461440812,1.1121733588272784,-0.0200690405006238,0.20998105110864776
-0.5914149443561209,0.4356181934657271,-0.07707086969647577,0.18236399249949414,0.0,0.0,0.0,0.0
0.0,0.0,0.0,0.0,-0.6759758806728022,1.0803059273422562,-0.019451027575035643,0.20351482250595507
-0.534181240063593,0.42921204356181936,-0.07190049368779375,0.17012992254050457,-0.5680736274198667,0.952836201402167,-0.016931997995417798,0.17715838165441114
-0.5405405405405406,0.4067905188981422,-0.07098281571235725,0.16795852600523095,0.0,0.0,0.0,0.0
0.0,0.0,0.0,0.0,-0.609330371310695,1.0165710643722115,-0.01809009262569708,0.1892754496199557
-0.5532591414944356,0.40038436899423446,-0.07165744628458813,0.16955482724198562,-0.6378927324658838,1.0579987253027405,-0.01885664503789365,0.19729583710374707
-0.5818759936406995,0.43241511851377323,-0.07606637105605132,0.17998716214517813,0.0,0.0,0.0,0.0
0.0,0.0,0.0,0.0,-0.6601079022532529,1.0516252390057361,-0.018951474100629816,0.1982880273516251
-0.575516693163752,0.4067905188981422,-0.006839914736484635,0.046256197809244684,0.0,0.0,0.0,0.0
-0.5691573926868044,0.4196028187059577,-0.006862658412354927,0.04641000615488881,-0.6347191367819739,0.9942638623326959,-0.015118030664479159,0.07887445295226457
0.0,0.0,0.0,0.0,-0.6251983497302444,0.9974506054811981,-0.015087314629064512,0.07871419990449922
-0.5214626391096979,0.40038436899423446,-0.006380613019455992,0.04315008437135674,0.0,0.0,0.0,0.0
0.0,0.0,0.0,0.0,-0.5998095842589654,0.9305289993626513,-0.01418890723970155,0.0740269894511715
-0.5468998410174881,0.4228058936579116,-0.006708984085703452,0.04537075488851316,-0.6347191367819739,0.9783301465901848,-0.014946306054818007,0.07797852378357406
-0.5532591414944356,0.4356181934657271,-0.0068341347514825936,0.046217109583749305,0.0,0.0,0.0,0.0
0.0,0.0,0.0,0.0,-0.6378927324658838,1.0579987253027405,-0.015833617784396826,0.08260784547380548
-0.5723370429252782,0.4516335682254965,-0.007075766826251227,0.04785119150993724,0.0,0.0,0.0,0.0
-0.5468998410174881,0.43241511851377323,-0.006766426631727551,0.045759220808619494,-0.631545541098064,1.010197578075207,-0.015268953775536649,0.07966185562968357
0.0,0.0,0.0,0.0,-0.561726436052047,0.9592096876991714,-0.014246465374153937,0.07432728427585072
-0.4864864864864865,0.38757206918641895,-0.00603661259515138,0.040823717408297745,0.0,0.0,0.0,0.0
0.0,0.0,0.0,0.0,-0.5871152015233259,0.9592096876991714,-0.014413633493571554,0.07519944112370679
-0.5564387917329093,0.40038436899423446,-0.006653066904709118,0.04499260453362459,-0.5649000317359568,0.9177820267686424,-0.013812182781683413,0.07206152607837032
-0.5310015898251192,0.43241511851377323,-0.0066460818212048705,0.04494536660497569,0.0,0.0,0.0,0.0
0.0,0.0,0.0,0.0,-0.6251983497302444,1.0070108349267048,0.03933888905295971,-0.09692841818543789
-0.5596184419713831,0.40038436899423446,-0.006641420596998605,-0.04420814099452238,0.0,0.0,0.0,0.0
-0.5977742448330684,0.44202434336963486,-0.007175668745445194,-0.04776432556793471,-0.6251983497302444,0.952836201402167,0.037823238096731784,-0.09319395457334546
0.0,0.0,0.0,0.0,-0.6251983497302444,1.0070108349267048,0.03933888905295971,-0.09692841818543789
-0.5246422893481717,0.40038436899423446,-0.0063698990227883745,-0.04240077706380473,0.0,0.0,0.0,0.0
-0.5850556438791733,0.43241511851377323,-0.0070218218617136684,-0.0467402547944853,-0.6156775626785147,0.9942638623326959,0.038812825154695606,-0.09563223156830798
0.0,0.0,0.0,0.0,-0.6029831799428752,0.9623964308476737,0.03769233668324022,-0.0928714221568633
-0.5882352941176471,0.4228058936579116,-0.006991991801543855,-0.04654169313337651,0.0,0.0,0.0,0.0
0.0,0.0,0.0,0.0,-0.6442399238337035,1.0611854684512427,0.04120182320450622,-0.10151856459882393
-0.5500794912559619,0.41639974375400385,-0.006658901296670252,-0.044324500021101165,-0.5998095842589654,0.9910771191841937,0.03844764521827245,-0.09473245238179097
-0.604133545310016,0.4612427930813581,-0.007336172094245675,-0.04883270462482975,0.0,0.0,0.0,0.0
0.0,0.0,0.0,0.0,-0.6220247540463345,1.0070108349267048,0.03928343476941999,-0.09679178250216082
-0.5214626391096979,0.3971812940422806,-0.006326749560740662,-0.0421135557571305,0.0,0.0,0.0,0.0
-0.5786963434022258,0.40358744394618834,-0.006809658251010638,-0.045328002900650234,-0.6442399238337035,1.0261312938177183,0.0402118671958912,-0.09907937853388332
0.0,0.0,0.0,0.0,-0.6728022849888924,1.038878266411727,0.038972669437601345,-0.04696258835889266
-0.6232114467408585,0.4484304932735426,-0.021567125823872827,0.014017488298162954,0.0,0.0,0.0,0.0
0.0,0.0,0.0,0.0,-0.6918438590923516,1.1026131293817718,0.04098727011854221,-0.04939020914678995
-0.6200317965023847,0.4612427930813581,-0.02170756206974388,0.014108764412060172,-0.7013646461440812,1.0930528999362652,0.04089371055946065,-0.04927746862571218
-0.5850556438791733,0.4228058936579116,-0.020276761824607047,0.013178820113640313,0.0,0.0,0.0,0.0
0.0,0.0,0.0,0.0,-0.6125039669946049,1.0165710643722115,0.03737067840573537,-0.04503216772130675
-0.5278219395866455,0.4228058936579116,-0.018997056998364018,0.012347079826433923,0.0,0.0,0.0,0.0
-0.5151033386327504,0.3939782190903267,-0.018216536644602325,0.011839782979618019,-0.5299904792129483,0.8954748247291268,0.03276481156990483,-0.03948203653018303
0.0,0.0,0.0,0.0,-0.6125039669946049,1.0070108349267048,0.03711316006561816,-0.04472185467433538
-0.5500794912559619,0.41639974375400385,-0.01937980758565674,0.012595847414767457,0.0,0.0,0.0,0.0
0.0,0.0,0.0,0.0,-0.6442399238337035,1.0548119821542383,0.03891847498677587,-0.04689728332020322
-0.5914149443561209,0.4516335682254965,-0.020903141689483772,0.013585933815197865,-0.6601079022532529,1.0739324410452518,0.03969287218593369,-0.047830442311238106
-0.6104928457869634,0.4676489429852659,-0.021602122352559882,0.014040234186296277,0.0,0.0,0.0,0.0
0.0,0.0,0.0,0.0,-0.6791494763567121,1.077119184193754,0.04009494523171881,-0.04831494571354277
-0.5659777424483307,0.438821268417681,-0.020117362420182798,0.013075218952108726,0.0,0.0,0.0,0.0
-0.534181240063593,0.40358744394618834,0.12177753684954136,-0.022277106762272743,-0.5998095842589654,0.9783301465901848,0.21994995152775387,-0.1408774674091171
0.0,0.0,0.0,0.0,-0.5871152015233259,0.9241555130656469,0.20985279121035108,-0.1344102581023669
-0.5246422893481717,0.3587443946188341,0.11560531045457054,-0.02114800405647926,0.0,0.0,0.0,0.0
-0.6168521462639109,0.47405509288917363,0.14150686123973974,-0.025886247472114716,-0.6601079022532529,1.035691523263225,0.23539943195416504,-0.15077282614932985
0.0,0.0,0.0,0.0,-0.6537607108854332,1.0739324410452518,0.24097757511941484,-0.15434561476104594
-0.6232114467408585,0.438821268417681,0.13863963350125147,-0.02536173745085382,0.0,0.0,0.0,0.0
0.0,0.0,0.0,0.0,-0.6950174547762614,1.1312938177182918,0.25448254176337737,-0.16299551663659137
-0.6073131955484896,0.4804612427930814,0.14085509292858764,-0.025767017664816674,-0.6029831799428752,1.022944550669216,0.2275922412049141,-0.14577233738952405
-0.505564387917329,0.40358744394618834,0.11766626237922388,-0.02152501977912554,0.0,0.0,0.0,0.0
0.0,0.0,0.0,0.0,-0.5649000317359568,0.9687699171446781,0.21494294714505108,-0.13767049195019085
-0.5627980922098569,0.42921204356181936,0.12874165911008417,-0.023551073202366796,0.0,0.0,0.0,0.0
-0.6200317965023847,0.4612427930813581,0.14056259238061466,-0.025713509718246298,-0.6696286893049825,1.048438495857234,0.23844061202031885,-0.15272069539266894
0.0,0.0,0.0,0.0,-0.7108854331958108,1.0803059273422562,0.24786761308842617,-0.15875866915221498
-0.6263910969793323,0.4516335682254965,0.14046303368878185,-0.02569529716719255,0.0,0.0,0.0,0.0
0.0,0.0,0.0,0.0,-0.7394477943509996,1.147227533460803,0.2616035591414538,-0.16755651283882572
-0.6200317965023847,0.4484304932735426,-0.10889543157605963,0.10996967487662715,-0.6188511583624245,0.9592096876991714,-0.15516591138328029,0.2320318623215413
-0.5500794912559619,0.41319666880204997,-0.09790666779445653,0.09887250796274333,0.0,0.0,0.0,0.0
0.0,0.0,0.0,0.0,-0.561726436052047,0.8763543658381134,-0.14149311159287697,0.21158584315254808
-0.5119236883942766,0.361947469570788,-0.08922186422947817,0.09010202961865445,0.0,0.0,0.0,0.0
-0.5850556438791733,0.4516335682254965,-0.10518073912543797,0.1062183373306053,-0.5871152015233259,0.9145952836201402,-0.14773172600037224,0.2209149368070265
0.0,0.0,0.0,0.0,-0.6728022849888924,1.0516252390057361,-0.1696986790060818,0.25376385942157054
-0.6391096979332274,0.45803971812940425,-0.11189777835814078,0.11300163953036693,0.0,0.0,0.0,0.0
0.0,0.0,0.0,0.0,-0.6950174547762614,1.0994263862332696,-0.17680194446197023,0.26438593419044704
-0.6168521462639109,0.47085201793721976,-0.11043548961877288,0.11152492544864052,-0.6125039669946049,0.9942638623326959,-0.15873657103579591,0.2373713521714934
-0.534181240063593,0.4067905188981422,-0.09555223090556464,0.0964948447730058,0.0,0.0,0.0,0.0
0.0,0.0,0.0,0.0,-0.558552840368137,0.911408540471638,-0.14530150662324556,0.21728083752002708
-0.5182829888712241,0.3779628443305573,-0.09128640228755112,0.09218693415258,-0.6664550936210726,1.0420650095602295,-0.16813905805751095,0.25143163483701797
-0.6486486486486487,0.47405509288917363,-0.11433375641549802,0.1154616482846099,0.0,0.0,0.0,0.0
0.0,0.0,0.0,0.0,-0.7045382418279911,1.1089866156787762,0.161853620255713,-0.01076121622913083
-0.6422893481717011,0.4484304932735426,0.052254391450860777,0.1644544027448775,0.0,0.0,0.0,0.0
-0.6645468998410174,0.4772581678411275,0.054577454459389975,0.1717655191697171,-0.7045382418279911,1.1089866156787762,0.161853620255713,-0.01076121622913083
0.0,0.0,0.0,0.0,-0.656934306569343,1.0452517527087317,0.1520835963776359,-0.010111633356967376
-0.5659777424483307,0.4356181934657271,0.047642682255723476,0.14994048611008964,0.0,0.0,0.0,0.0
0.0,0.0,0.0,0.0,-0.631545541098064,1.038878266411727,0.14977115790947584,-0.00995788548074987
-0.5882352941176471,0.41639974375400385,0.04807574660686597,0.15130342111401576,-0.6759758806728022,1.0548119821542383,0.15433493437750817,-0.01026131882574594
-0.604133545310016,0.438821268417681,0.04980921170398207,0.15675896196541772,0.0,0.0,0.0,0.0
0.0,0.0,0.0,0.0,-0.6728022849888924,1.0420650095602295,0.152802766700368,-0.010159449076728643
-0.6454689984101749,0.4612427930813581,0.05292073689026109,0.16655151723067918,0.0,0.0,0.0,0.0
-0.6391096979332274,0.4484304932735426,0.05208062102957406,0.16390751453024185,-0.7362741986670898,1.1504142766093053,0.1682586584673852,-0.011187070164574184
0.0,0.0,0.0,0.0,-0.656934306569343,1.0325047801147227,0.15075639812852187,-0.010023391479429664
-0.6200317965023847,0.4516335682254965,0.05116959319942579,0.1610403385182145,0.0,0.0,0.0,0.0
0.0,0.0,0.0,0.0,-0.5998095842589654,0.952836201402167,0.13870000817917094,-0.009221794215292439
-0.534181240063593,0.37475976937860345,0.043528239690313615,0.13699156113104974,-0.6378927324658838,0.981516889738687,0.14420447011993223,-0.009587771232525468
-0.5914149443561209,0.42921204356181936,-0.0811588668533103,-0.07964473242715271,0.0,0.0,0.0,0.0
0.0,0.0,0.0,0.0,-0.6347191367819739,0.9783301465901848,-0.1269607507652279,0.008690900007835428
-0.6168521462639109,0.43241511851377323,-0.08366550080306609,-0.08210460154511309,0.0,0.0,0.0,0.0
-0.6422893481717011,0.44522741832158874,-0.0867968406770165,-0.08517752180717171,-0.6886702634084417,1.0452517527087317,-0.1362729244571985,0.009328350321611278
0.0,0.0,0.0,0.0,-0.6918438590923516,1.0516252390057361,-0.1370424578678034,0.00938102752999218
-0.5914149443561209,0.42921204356181936,-0.0811588668533103,-0.07964473242715271,0.0,0.0,0.0,0.0
0.0,0.0,0.0,0.0,-0.6220247540463345,0.9847036328871892,-0.12679997717697516,0.008679894502819243
-0.5786963434022258,0.38757206918641895,-0.07735419567812334,-0.07591104281972189,-0.5871152015233259,0.911408540471638,-0.11802868468511882,0.008079469367281376
-0.5310015898251192,0.3939782190903267,-0.07343421162111342,-0.07206419165676083,0.0,0.0,0.0,0.0
0.0,0.0,0.0,0.0,-0.5998095842589654,0.9082217973231357,-0.11849313871608694,0.008111262842958315
-0.5850556438791733,0.4260089686098655,-0.08037840791928486,-0.07887883406778816,-0.6601079022532529,1.022944550669216,-0.13254018013515811,0.00907283113586184
-0.6009538950715422,0.42921204356181936,-0.08201864418499802,-0.0804884693863314,0.0,0.0,0.0,0.0
0.0,0.0,0.0,0.0,-0.6251983497302444,0.9974506054811981,-0.128158542004415,0.008772892937361233
-0.5850556438791733,0.4099935938500961,-0.0793444263959649,-0.07786414294465697,0.0,0.0,0.0,0.0
-0.5945945945945946,0.4260089686098655,0.027452913187292108,0.047197621243104275,-0.631545541098064,0.9847036328871892,0.12363834629109462,-0.047532583888897806
0.0,0.0,0.0,0.0,-0.583941605839416,0.9209687699171446,0.11525357813685072,-0.04430907186664696
-0.604133545310016,0.42921204356181936,0.027814178145073528,0.04781871549745344,0.0,0.0,0.0,0.0
0.0,0.0,0.0,0.0,-0.6251983497302444,0.9878903760356915,0.1235619508427731,-0.04750321376898757
-0.5977742448330684,0.4228058936579116,0.027480415065783553,0.04724490304652009,-0.6981910504601713,1.064372211599745,0.13453578843892292,-0.05172208980356378
-0.6073131955484896,0.44522741832158874,0.02826273015484259,0.04858987547309906,0.0,0.0,0.0,0.0
0.0,0.0,0.0,0.0,-0.6537607108854332,1.0038240917782026,0.12661003561189552,-0.04867504556175249
-0.575516693163752,0.4260089686098655,0.026874092986239353,0.04620250147454757,0.0,0.0,0.0,0.0
-0.5278219395866455,0.36835361947469575,0.024157279779926533,0.041531699515388924,-0.5934623928911457,0.9432759719566602,0.11778426346541622,-0.045281990190815025
0.0,0.0,0.0,0.0,-0.5902887972072357,0.9082217973231357,0.11448225420540376,-0.044012537493802004
-0.48966613672496023,0.36515054452274187,0.02292545860960209,0.039413926853538124,0.0,0.0,0.0,0.0
0.0,0.0,0.0,0.0,-0.5236432878451285,0.7966857871255576,0.10076107246888835,-0.038737448967381724
-0.4864864864864865,0.3331197950032031,0.022129133053063254,0.03804486733889536,-0.5204696921612186,0.7839388145315487,0.09945209376435823,-0.0382342139925676
-0.4165341812400636,0.29788597053171045,0.01921974581140797,0.03304298807951208,0.0,0.0,0.0,0.0
0.0,0.0,0.0,0.0,-0.4823865439543002,0.7233906947100064,0.09189470525426033,-0.035328786881051025
-0.43879173290937995,0.2946828955797566,-0.18408456953223634,0.0032835351657314045,-0.48873373532211994,0.7297641810070108,-0.20917406734380625,0.09067978516030342
-0.40063593004769477,0.28507367072389495,-0.17124953998624268,0.0030545954399599207,0.0,0.0,0.0,0.0
0.0,0.0,0.0,0.0,-0.44112980006347186,0.6692160611854684,-0.19088930325630984,0.08275309281160152
-0.3847376788553259,0.2626521460602178,-0.1622414400661806,0.0028939170466589204,0.0,0.0,0.0,0.0
-0.3688394276629571,0.2530429212043562,-0.1557819710132656,0.0027786988410206364,-0.45382418279911135,0.6724028043339707,-0.1931983354946248,0.08375408949325264
0.0,0.0,0.0,0.0,-0.40939384322437317,0.5991077119184194,-0.172812976615723,0.07491676091314634
-0.39109697933227344,0.2658552210121717,-0.16469992306062176,0.00293776925755912,0.0,0.0,0.0,0.0
0.0,0.0,0.0,0.0,-0.437956204379562,0.6500956022944551,-0.18668076925748125,0.08092863644518995
-0.3751987281399046,0.24983984625240233,-0.15699223228192308,0.002800286394205879,-0.4189146302761028,0.6150414276609305,-0.17722554440436403,0.07682966868493801
-0.3815580286168522,0.2786675208199872,-0.164554875265671,0.002935182025306885,0.0,0.0,0.0,0.0
0.0,0.0,0.0,0.0,-0.43160901301174226,0.6309751434034416,-0.18206415044231594,0.07892726979567062
-0.3656597774244833,0.2402306213965407,-0.15237505519450711,0.00271792933749296,0.0,0.0,0.0,0.0
-0.3497615262321145,0.23382447149263294,-0.14652708827438127,0.0026136185575125408,-0.3966994604887337,0.5704270235818992,-0.1654732868723425,0.07173490621421233
0.0,0.0,0.0,0.0,-0.39987305617264357,0.5768005098789037,-0.2607900057585072,0.08917178843596553
-0.3370429252782194,0.21460602178090968,-0.33945359738950354,0.04726080320166215,0.0,0.0,0.0,0.0
0.0,0.0,0.0,0.0,-0.36178990796572513,0.538559592096877,-0.24107612024496797,0.08243103001176423
-0.3370429252782194,0.2274183215887252,-0.34542180080930585,0.048091732935386884,-0.3586163122818153,0.5289993626513703,-0.23747191303390255,0.0811986453505126
-0.2988871224165342,0.20499679692504805,-0.3079058147168254,0.04286852820499613,0.0,0.0,0.0,0.0
0.0,0.0,0.0,0.0,-0.3046651856553475,0.455704270235819,-0.20368449234351996,0.06964573050304063
-0.27980922098569155,0.17937219730941706,-0.28236338649123194,0.03931235533499054,0.0,0.0,0.0,0.0
-0.20349761526232116,0.15374759769378604,-0.21667723119849763,0.03016712758593347,-0.26340844176451916,0.4079031230082855,-0.1804214852200548,0.06169142280798692
0.0,0.0,0.0,0.0,-0.218978102189781,0.331421287444232,-0.14760011932759454,0.05046883056550636
-0.1907790143084261,0.12812299807815503,-0.1952350614870456,0.02718181775053118,0.0,0.0,0.0,0.0
0.0,0.0,0.0,0.0,-0.18406854966677244,0.2676864244741874,-0.12071127237788615,0.04127474138055976
-0.13990461049284578,0.08327994875080078,-0.13832045041285912,0.01925781796392752,-0.14915899714376388,0.21669853409815168,-0.09775047663101805,0.03342376866131724
-0.12082670906200318,0.0800768737988469,-0.12314546980265893,0.017145064475017565,0.0,0.0,0.0,0.0
0.0,0.0,0.0,0.0,-0.10155506188511583,0.1561504142766093,-0.06921289792741717,0.023665929501680647
-0.057233704292527825,0.057655349135169766,-0.0690172307460356,0.009609000419781542,-0.06347191367819739,0.08922880815806246,-0.04068768030362347,0.013912316959510476
-0.17170111287758347,0.11851377322229341,0.005660926822490421,0.05366044976903508,0.0,0.0,0.0,0.0
0.0,0.0,0.0,0.0,-0.2094573151380514,0.32823454429572974,0.009237915099342933,0.047469986487637096
-0.21621621621621623,0.15695067264573992,0.007249474586141191,0.06871844118104813,0.0,0.0,0.0,0.0
-0.24165341812400637,0.15695067264573992,0.00781855443444963,0.07411280178175465,-0.2697556331323389,0.3983428935627788,0.011413890225867166,0.05865146074267617
0.0,0.0,0.0,0.0,-0.28562361155188826,0.43339706819630336,0.01231458014615236,0.06327974947294715
-0.2575516693163752,0.19218449711723254,0.008719499980179046,0.08265294807178931,0.0,0.0,0.0,0.0
-0.24165341812400637,0.1601537475976938,0.007866231473670155,0.07456473685324597,-0.2792764201840685,0.42065009560229444,0.011979265210397032,0.06155669883887709
0.0,0.0,0.0,0.0,-0.2824500158679784,0.40152963671128106,0.011647207627445543,0.05985038645060392
-0.2543720190779014,0.18577834721332478,0.008546849256144651,0.08101637586459737,0.0,0.0,0.0,0.0
0.0,0.0,0.0,0.0,-0.2824500158679784,0.4397705544933078,0.012400266791569345,0.06372005920261814
-0.26391096979332274,0.17937219730941706,0.008658307452500609,0.08207289843315355,-0.2729292288162488,0.4270235818992989,0.012023766902479175,0.06178537540703114
-0.24483306836248012,0.18898142216527866,0.008392050547202077,0.07954902456224117,0.0,0.0,0.0,0.0
0.0,0.0,0.0,0.0,-0.2792764201840685,0.40471637985978326,0.011666199639921358,0.05994797887983765
-0.2384737678855326,0.15374759769378604,0.007698904336948879,0.07297862742336318,0.0,0.0,0.0,0.0
-0.21303656597774245,0.15054452274183217,0.014027719361689818,-0.11389197910233607,-0.26658203744842907,0.3951561504142766,0.06657120771155953,-0.06335502973769186
0.0,0.0,0.0,0.0,-0.23484608060933035,0.3473550031867431,0.05855824889998424,-0.05572919176290473
-0.18441971383147854,0.1313260730301089,0.012174635048882955,-0.09884666529277591,0.0,0.0,0.0,0.0
0.0,0.0,0.0,0.0,-0.218978102189781,0.3154875717017208,0.05363406662897748,-0.05104290583032615
-0.20349761526232116,0.12171684817424729,0.012751118609216846,-0.10352717335780742,-0.1967629324024119,0.3027405991077119,0.05042585232932132,-0.04798968628772334
-0.1685214626391097,0.12171684817424729,0.0111787505372684,-0.09076101323055205,0.0,0.0,0.0,0.0
0.0,0.0,0.0,0.0,-0.18406854966677244,0.28680688336520077,0.047594675225352004,-0.045295288577652915
-0.14626391096979333,0.10249839846252402,0.009604340396987663,-0.077978273415763,0.0,0.0,0.0,0.0
-0.12400635930047695,0.06406149903907751,0.007505667423512162,-0.06093900906531651,-0.16185337987940335,0.25493945188017847,0.04217389146355633,-0.04013639288932177
0.0,0.0,0.0,0.0,-0.145985401459854,0.21032504780114722,0.03575604441931833,-0.03402860388688411
-0.13036565977742448,0.08648302370275465,0.008412706273971742,-0.06830331734223268,0.0,0.0,0.0,0.0
0.0,0.0,0.0,0.0,-0.12059663598857505,0.16889738687061823,0.028983801901014773,-0.027583540910153987
-0.08267090620031796,0.06726457399103139,0.0057312417487737095,-0.046532329928443916,-0.06664550936210727,0.10197578075207138,0.017013571797673748,-0.01619161472713989
-0.03815580286168521,0.035233824471492634,0.002792815722954809,-0.022675055135771408,0.0,0.0,0.0,0.0
0.0,0.0,0.0,0.0,-0.031735956839098696,0.05098789037603569,0.008387600868416178,-0.007982380382054033
-0.01589825119236884,0.0064061499039077515,-0.02149196129830471,0.43996634838208604,0.0,0.006373486297004461,-0.004355921253705117,0.10335667284885537
-0.003179650238473768,0.0032030749519538757,-0.0056591250660323065,0.11584911008266904,0.0,0.0,0.0,0.0
0.0,0.0,0.0,0.0,-0.0031735956839098697,0.0,-0.0021689750704739223,0.05146512843537102
0.0,0.0032030749519538757,-0.0040162646254653525,0.08221777700397778,0.0,0.0,0.0,0.0
-0.006359300476947536,0.0,-0.007973785793769688,0.16323300464637117,-0.0031735956839098697,0.006373486297004461,-0.004866056188004544,0.11546108118
0.0,0.0,0.0,0.0,-0.012694382735639479,-0.0031867431485022306,-0.008945096880052092,0.2122479718949137
-0.003179650238473768,0.0,-0.003986892896884844,0.08161650232318558,0.0,0.0,0.0,0.0
0.0,0.0,0.0,0.0,-0.00952078705172961,-0.006373486297004461,-0.007830333688644192,0.18579703126317285
0.0,0.0032030749519538757,-0.0040162646254653525,0.08221777700397778,0.0,0.019120458891013385,-0.013067763761115353,0.31007001854656613
-0.003179650238473768,0.0,-0.003986892896884844,0.08161650232318558,0.0,0.0,0.0,0.0
0.0,0.0,0.0,0.0,-0.006347191367819739,0.006373486297004461,-0.006147508551749187,0.14586719851242175
-0.003179650238473768,0.0032030749519538757,-0.0056591250660323065,0.11584911008266904,0.0,0.0,0.0,0.0
-0.003179650238473768,0.0032030749519538757,-0.0056591250660323065,0.11584911008266904,-0.0031735956839098697,0.012746972594008922,-0.008977786627574593,0.21302362952125875
0.0,0.0,0.0,0.0,-0.0031735956839098697,0.0031867431485022306,-0.0030737542758745933,0.07293359925621087
-0.003179650238473768,0.0,0.051449604941245425,-0.12687370452532357,-0.0031735956839098697,0.006373486297004461,0.08992520676899013,-0.19623660799002698
-0.003179650238473768,0.0032030749519538757,0.07302923767727977,-0.1800886505029116,0.0,0.0,0.0,0.0
0.0,0.0,0.0,0.0,-0.0031735956839098697,0.006373486297004461,0.08992520676899013,-0.19623660799002698
0.0,0.0032030749519538757,0.05182863790525844,-0.1278083922908849,0.0,0.0,0.0,0.0
-0.003179650238473768,0.0,0.051449604941245425,-0.12687370452532357,-0.0031735956839098697,0.0031867431485022306,0.05680328753631568,-0.12395728482942633
0.0,0.0,0.0,0.0,-0.0031735956839098697,0.0,0.04008287700622216,-0.08746966623483936
0.0,0.0032030749519538757,0.05182863790525844,-0.1278083922908849,0.0,0.0,0.0,0.0
-0.003179650238473768,0.0,0.051449604941245425,-0.12687370452532357,0.0,0.0031867431485022306,0.040248930989995546,-0.08783203260228771
0.0,0.0,0.0,0.0,-0.0031735956839098697,0.0,0.04008287700622216,-0.08746966623483936
-0.003179650238473768,0.0,0.051449604941245425,-0.12687370452532357,-0.0031735956839098697,0.0,0.04008287700622216,-0.08746966623483936
0.0,0.0032030749519538757,0.05182863790525844,-0.1278083922908849,0.0,0.0,0.0,0.0
0.0,0.0,0.0,0.0,0.0,0.0031867431485022306,0.040248930989995546,-0.08783203260228771
-0.034976152623211444,0.022421524663677132,0.01115947573991276,0.01835793849407034,-0.04443033957473817,0.06373486297004462,0.013668104854299973,0.007062322158674677
-0.04769475357710652,0.035233824471492634,0.015927729407192708,0.02620197253188572,0.0,0.0,0.0,0.0
0.0,0.0,0.0,0.0,-0.072992700729927,0.10197578075207138,0.02206224954726828,0.011399584324879189
-0.06677265500794913,0.04163997437540039,0.021137249665672146,0.03477191387301243,0.0,0.0,0.0,0.0
-0.09220985691573927,0.07367072389493914,0.03170242076432123,0.05215218923080856,-0.08251348778165661,0.14021669853409816,0.028621825005269372,0.014788922905638293
0.0,0.0,0.0,0.0,-0.11424944462075531,0.18483110261312938,0.03822690147537906,0.019751874617943886
-0.10492845786963434,0.10890454836643178,0.0406210512540641,0.06682381662603241,0.0,0.0,0.0,0.0
0.0,0.0,0.0,0.0,-0.13329101872421453,0.22625876354365837,0.046198093743475804,0.023870596883110405
-0.14308426073131955,0.11851377322229341,0.04990488533940154,0.08209622360104958,-0.1777213582989527,0.2836201402166985,0.05888232082747592,0.030424548506682688
-0.17488076311605724,0.1473414477898783,0.06142387753201044,0.10104558601861094,0.0,0.0,0.0,0.0
0.0,0.0,0.0,0.0,-0.218978102189781,0.3346080305927342,0.07035097090235311,0.03635041038858142
-0.2384737678855326,0.17616912235746318,0.07963864703596356,0.13100986265942863,0.0,0.0,0.0,0.0
-0.24165341812400637,0.1985906470211403,0.08401612154054225,0.13821104393239808,-0.27610282450015866,0.4365838113448056,0.09087636042962005,0.046955897749050644
0.0,0.0,0.0,0.0,-0.29514439860361785,0.49713193116634796,0.10170981849990833,0.05255355534682654
-0.29252782193958665,0.21780909673286356,0.09796341827897517,0.16115509808423772,0.0,0.0,0.0,0.0
0.0,0.0,0.0,0.0,-0.3459219295461758,0.5640535372848948,0.1238286500700102,-0.024899206199839284
-0.3465818759936407,0.2626521460602178,0.11125394055518638,0.06062443357411624,-0.43160901301174226,0.6883365200764818,0.15204665711020854,-0.030573224090248128
-0.43243243243243246,0.3203074951953876,0.1376762514708736,0.07502246410669006,0.0,0.0,0.0,0.0
0.0,0.0,0.0,0.0,-0.510948905109489,0.8349267049075845,0.1831874617742798,-0.03683495201929558
-0.4546899841017488,0.34272901985906473,0.1456714224631411,0.07937918810509972,0.0,0.0,0.0,0.0
-0.5405405405405406,0.4196028187059577,0.1750664398629912,0.09539710415260576,-0.5395112662646778,0.8699808795411089,0.19157647435887065,-0.03852179713986081
0.0,0.0,0.0,0.0,-0.6474135195176134,1.0739324410452518,0.23467457627099741,-0.047187873413203185
-0.5850556438791733,0.45803971812940425,0.19009419779900466,0.10358602140096003,0.0,0.0,0.0,0.0
-0.5723370429252782,0.438821268417681,0.1845105761056605,0.10054339746546692,-0.6251983497302444,1.0197578075207139,0.22385171158884185,-0.04501163439871348
0.0,0.0,0.0,0.0,-0.6664550936210726,1.0707456978967496,0.2360275262554823,-0.0474599217689166
-0.6009538950715422,0.4196028187059577,0.18751526369404534,0.10218071010539674,0.0,0.0,0.0,0.0
0.0,0.0,0.0,0.0,-0.6378927324658838,1.0165710643722115,0.22459714175633158,-0.045161523939118015
-0.5850556438791733,0.4228058936579116,0.18467388384815234,0.10063238702698203,-0.6728022849888924,1.0611854684512427,0.23514438486475636,-0.04728234154350943
-0.629570747217806,0.4676489429852659,0.2006414488565442,0.10933342340700541,0.0,0.0,0.0,0.0
0.0,0.0,0.0,0.0,-0.7584893684544588,1.1567877629063097,0.15684486072427228,-0.06409733936531481
-0.6422893481717011,0.438821268417681,0.028314188495068365,0.08715829382160199,0.0,0.0,0.0,0.0
-0.5786963434022258,0.4260089686098655,0.026156067554143965,0.0805150471290682,-0.6854966677245319,1.0516252390057361,0.14233562933106977,-0.058167893387643325
0.0,0.0,0.0,0.0,-0.5966359885750555,0.9432759719566602,0.12655361409223922,-0.05171830248641372
-0.5691573926868044,0.3939782190903267,0.025195933834092576,0.07755951065325353,0.0,0.0,0.0,0.0
0.0,0.0,0.0,0.0,-0.6442399238337035,1.010197578075207,0.13585274800184163,-0.055518552869211577
-0.6073131955484896,0.4676489429852659,0.027899971930678592,0.08588322958901251,-0.6981910504601713,1.0930528999362652,0.14706303391322423,-0.06009982825895662
-0.6454689984101749,0.4772581678411275,0.02921933274560705,0.08994455868499814,0.0,0.0,0.0,0.0
0.0,0.0,0.0,0.0,-0.7140590288797207,1.1408540471637985,0.1526056833529812,-0.06236492690791793
-0.6772655007949125,0.4772581678411275,0.030157789314185446,0.09283336735974489,0.0,0.0,0.0,0.0
-0.5532591414944356,0.4196028187059577,0.025274770868116102,0.07780219115164193,-0.6823230720406219,1.0548119821542383,0.1424427036842813,-0.05821165115645659
0.0,0.0,0.0,0.0,-0.6283719454141542,0.9910771191841937,0.13305786114626636,-0.054376374474317306
-0.5564387917329093,0.41639974375400385,0.025297057015491425,0.07787079359742377,0.0,0.0,0.0,0.0
0.0,0.0,0.0,0.0,-0.6442399238337035,1.035691523263225,0.13829870525454344,-0.05651813520410933
-0.5977742448330684,0.4516335682254965,0.027270358475493393,0.08394511878881691,-0.6442399238337035,1.0579987253027405,0.14045277926411073,-0.057398434451223085
-0.5882352941176471,0.4484304932735426,0.0448862254709694,-0.02630151820279835,0.0,0.0,0.0,0.0
0.0,0.0,0.0,0.0,-0.6378927324658838,1.0165710643722115,0.022193353333035223,0.09020425638192713
-0.6136724960254372,0.45803971812940425,0.04646975371959618,-0.027229401904733583,0.0,0.0,0.0,0.0
-0.5723370429252782,0.4260089686098655,0.04329693335718807,-0.025370257108295793,-0.6537607108854332,1.035691523263225,0.022648902585609337,0.09205582342351627
0.0,0.0,0.0,0.0,-0.6283719454141542,0.981516889738687,0.0215515733901001,0.0875957599711064
-0.5691573926868044,0.4228058936579116,0.04302610974582466,-0.02521156539231203,0.0,0.0,0.0,0.0
-0.5659777424483307,0.4228058936579116,0.04287137156857969,-0.025120895059870987,-0.6410663281497937,1.0165710643722115,0.022224602278901617,0.09033126683781895
0.0,0.0,0.0,0.0,-0.631545541098064,1.035691523263225,0.022432308607024918,0.09117548332881197
-0.5850556438791733,0.4516335682254965,0.04485143908827292,-0.026281134785210863,0.0,0.0,0.0,0.0
0.0,0.0,0.0,0.0,-0.6505871152015232,1.0420650095602295,0.022717520817456104,0.09233472028444116
-0.6009538950715422,0.41319666880204997,0.04425691415871806,-0.025932767149201508,-0.7013646461440812,1.0834926704907584,0.023867846570106845,0.09701018674314822
-0.6232114467408585,0.45803971812940425,0.04693492395737522,-0.027501972907262154,0.0,0.0,0.0,0.0
0.0,0.0,0.0,0.0,-0.5998095842589654,0.9623964308476737,0.02097054369879878,0.08523418123835849
-0.5468998410174881,0.3971812940422806,0.041016958952318536,-0.024034284041227046,0.0,0.0,0.0,0.0
-0.5818759936406995,0.4260089686098655,-0.18511259264107005,0.07037660737086139,-0.6378927324658838,1.010197578075207,-0.1365587414170585,0.017168465819430278
0.0,0.0,0.0,0.0,-0.6378927324658838,1.010197578075207,-0.1365587414170585,0.017168465819430278
-0.6136724960254372,0.47405509288917363,-0.19904966906411006,0.07567524287332995,0.0,0.0,0.0,0.0
0.0,0.0,0.0,0.0,-0.7140590288797207,1.134480560866794,-0.15321837521578213,0.019262951682946613
-0.6677265500794912,0.5028827674567585,-0.21456985602926032,0.08157574963402672,-0.7457949857188194,1.147227533460803,-0.15640052160052897,0.019663018136928487
-0.6168521462639109,0.4548366431774504,-0.19672906116721384,0.0747929878711635,0.0,0.0,0.0,0.0
0.0,0.0,0.0,0.0,-0.6474135195176134,1.010197578075207,-0.13714284995636927,0.017241901231824473
-0.5786963434022258,0.41639974375400385,-0.18300316370290828,0.0695746389578016,0.0,0.0,0.0,0.0
-0.6073131955484896,0.45803971812940425,-0.19525772065014607,0.07423360964410093,-0.6029831799428752,0.9464627151051624,-0.1282697256427108,0.01612635249499662
0.0,0.0,0.0,0.0,-0.7172326245636306,1.0994263862332696,-0.15004054521874347,0.01886342789473672
-0.6136724960254372,0.44522741832158874,-0.19461410490576722,0.07398891806535089,0.0,0.0,0.0,0.0
-0.6200317965023847,0.438821268417681,-0.19498315387419923,0.07412922410278143,-0.6696286893049825,1.035691523263225,-0.14096743789838317,0.017722736853729736
-0.5564387917329093,0.4099935938500961,-0.17741651947624715,0.06745069340849599,0.0,0.0,0.0,0.0
0.0,0.0,0.0,0.0,-0.6347191367819739,0.9910771191841937,-0.134519925705745,0.016912141416550047
-0.5786963434022258,0.3843689942344651,0.0368489121986351,0.008846914274209736,0.0,0.0,0.0,0.0
-0.534181240063593,0.3971812940422806,0.035307755555788974,0.008476903875289642,-1.2091399555696603,1.9216061185468452,0.26591047990570066,-0.25670257808211067
0.0,0.0,0.0,0.0,-0.5775944144715963,0.9050350541746335,0.1257468936689555,-0.12139255211785994
-0.5564387917329093,0.4228058936579116,0.03706814804294885,0.008899549768848559,0.0,0.0,0.0,0.0
-0.5564387917329093,0.3971812940422806,0.03626199486659595,0.008706003538646949,-0.6029831799428752,0.952836201402167,0.1320669427147635,-0.12749375160514465
0.0,0.0,0.0,0.0,-0.5998095842589654,0.9719566602931803,0.13376905936804656,-0.1291369276591656
-0.5945945945945946,0.4484304932735426,0.03950214554037963,0.00948391891080138,0.0,0.0,0.0,0.0
0.0,0.0,0.0,0.0,-0.6378927324658838,1.035691523263225,0.1424640542043514,-0.13753083372740943
-0.5532591414944356,0.40358744394618834,0.03632406472086652,0.008720905652358864,-0.6347191367819739,0.9910771191841937,0.13784128934163997,-0.13306814516189577
-0.5786963434022258,0.438821268417681,0.03852211189482463,0.009248626384353678,0.0,0.0,0.0,0.0
0.0,0.0,0.0,0.0,-0.6728022849888924,1.077119184193754,0.14874254871690834,-0.14359191762458906
-0.6454689984101749,0.4548366431774504,0.041883069305687005,0.010055545783571948,0.0,0.0,0.0,0.0
-0.6486486486486487,0.4612427930813581,0.04221704673157085,0.010135729145305621,-0.7457949857188194,1.163161249203314,0.16182995774326334,-0.15622613812869185
0.0,0.0,0.0,0.0,-0.7077118375119009,1.0962396430847674,0.15282499634814578,-0.1475329989696925
-0.6168521462639109,0.438821268417681,-0.07837479578062792,0.16505148540776154,0.0,0.0,0.0,0.0
0.0,0.0,0.0,0.0,-0.6537607108854332,1.0261312938177183,-0.10079234961243827,0.27745287922675393
-0.6073131955484896,0.4260089686098655,-0.07680282574821415,0.16174103354269256,-0.6474135195176134,1.0165710643722115,-0.09984188558373334,0.2748365201243057
-0.6168521462639109,0.438821268417681,-0.07837479578062792,0.16505148540776154,0.0,0.0,0.0,0.0
0.0,0.0,0.0,0.0,-0.6474135195176134,1.0070108349267048,-0.09917478577791626,0.2730001827180715
-0.5786963434022258,0.44522741832158874,-0.07559334425496803,0.159193955556139,0.0,0.0,0.0,0.0
-0.6327503974562798,0.4548366431774504,-0.08067814232563686,0.16990216176201536,-0.6950174547762614,1.0962396430847674,-0.1075272535179435,0.2959921680426517
0.0,0.0,0.0,0.0,-0.7426213900349095,1.172721478648821,-0.11498988608245322,0.3165346883787293
-0.6073131955484896,0.42921204356181936,-0.07699374225433857,0.16214308949206815,0.0,0.0,0.0,0.0
0.0,0.0,0.0,0.0,-0.6125039669946049,0.9655831739961759,-0.09472583082556242,0.2607534659203477
-0.5405405405405406,0.3971812940422806,-0.06944615581999611,0.1462484343312619,-0.606156775626785,0.9751434034416826,-0.09511691746205013,0.26183001700520536
-0.505564387917329,0.37475976937860345,-0.06515413508386139,0.13720975817467218,0.0,0.0,0.0,0.0
0.0,0.0,0.0,0.0,-0.6029831799428752,0.9623964308476737,-0.09408188969489803,0.2589808778078337
-0.5405405405405406,0.35233824471492636,-0.0668019684788895,0.14067997263386098,0.0,0.0,0.0,0.0
-0.5246422893481717,0.35554131966688024,0.11107070545672443,-0.12574288238279485,-0.5871152015233259,0.9018483110261313,0.22263446806358408,-0.14597643723467377
0.0,0.0,0.0,0.0,-0.5775944144715963,0.8699808795411089,0.21604334162990935,-0.14165478316861813
-0.505564387917329,0.3491351697629725,0.10767721880597537,-0.12190112418887596,0.0,0.0,0.0,0.0
-0.41017488076311603,0.2914798206278027,0.08818727088735198,-0.09983660034615026,-0.5204696921612186,0.7711918419375398,0.19248489877202205,-0.12620803952149848
0.0,0.0,0.0,0.0,-0.48556013963821004,0.7265774378585086,0.18079578838327245,-0.11854375148993837
-0.40063593004769477,0.2882767456758488,0.08650089323382121,-0.09792745620171596,0.0,0.0,0.0,0.0
0.0,0.0,0.0,0.0,-0.46334496985084095,0.662842574888464,0.1673157088537474,-0.10970516508202362
-0.3815580286168522,0.24983984625240233,0.07992987277659708,-0.09048841951701964,-0.4284354173278324,0.6373486297004461,0.15888139111033198,-0.10417497173236966
-0.3688394276629571,0.27226137091607944,0.08034424804826316,-0.09095753277990198,0.0,0.0,0.0,0.0
0.0,0.0,0.0,0.0,-0.4189146302761028,0.6118546845124283,0.153410809955832,-0.10058803412345915
-0.3656597774244833,0.25624599615631005,0.07825274799054324,-0.08858975052192442,0.0,0.0,0.0,0.0
-0.3783783783783784,0.2626521460602178,0.080723262503629,-0.09138661414646461,-0.4157410345921929,0.608667941363926,0.15249597568661957,-0.09998819777088827
0.0,0.0,0.0,0.0,-0.4506505871152015,0.6564690885914595,0.16473623645599325,-0.10801386277001236
-0.38791732909379967,0.24983984625240233,0.08086457739819973,-0.09154659640365721,0.0,0.0,0.0,0.0
0.0,0.0,0.0,0.0,-0.4030466518565535,0.5959209687699171,0.1488385759211756,-0.09759012261232855
-0.3656597774244833,0.24343369634849457,-0.07606638256039763,0.07017422757649569,-0.4474769914312916,0.6532823454429573,-0.04768837327409563,0.08448277843115815
-0.3656597774244833,0.24983984625240233,-0.07668667630400204,0.07074647293459999,0.0,0.0,0.0,0.0
0.0,0.0,0.0,0.0,-0.4252618216439225,0.6150414276609305,-0.045032698408824894,0.07977809307864404
-0.3783783783783784,0.2786675208199872,-0.0813722059499775,0.07506905819007766,0.0,0.0,0.0,0.0
-0.40381558028616854,0.26905829596412556,-0.08402513241880662,0.07751648712650044,-0.43478260869565216,0.6437221159974506,-0.04678232360901688,0.08287765777286862
0.0,0.0,0.0,0.0,-0.437956204379562,0.621414913957935,-0.045785057233813306,0.08111094130869152
-0.397456279809221,0.2786675208199872,-0.08405504805644502,0.07754408547800701,0.0,0.0,0.0,0.0
0.0,0.0,0.0,0.0,-0.42208822596001266,0.6405353728489483,-0.046198369840277566,0.08184314907669463
-0.3815580286168522,0.2658552210121717,-0.08052761716973111,0.07428989184512225,-0.4189146302761028,0.6118546845124283,-0.04465791103498086,0.07911413504255685
-0.3688394276629571,0.24983984625240233,-0.07714191170173788,0.07116644548129268,0.0,0.0,0.0,0.0
0.0,0.0,0.0,0.0,-0.3808314820691844,0.5863607393244105,-0.042107800865980205,0.07459646380339649
-0.356120826709062,0.23382447149263294,-0.07377082495147706,0.068056485459136,0.0,0.0,0.0,0.0
-0.2957074721780604,0.20179372197309417,-0.06199170391832967,0.05718978334700586,-0.34909552523008563,0.5130656469088591,-0.03737344298577401,0.06620926834364839
0.0,0.0,0.0,0.0,-0.3364011424944462,0.49713193116634796,-0.03615012033807975,0.06404207980062648
-0.29252782193958665,0.20499679692504805,-0.17020065689495448,0.11774582223748682,0.0,0.0,0.0,0.0
-0.24483306836248012,0.1601537475976938,-0.1393991348788778,0.09643714692381056,-0.3014915899714376,0.4588910133843212,-0.18956174378384177,0.24011818258863787
0.0,0.0,0.0,0.0,-0.2602348460806093,0.38878266411727214,-0.16151765558489045,0.20459468846860937
-0.22257551669316375,0.16655989750160155,-0.13245906467934407,0.09163596526600813,0.0,0.0,0.0,0.0
0.0,0.0,0.0,0.0,-0.22532529355760075,0.3441682600382409,-0.14202108755120338,0.17989835264937892
-0.1907790143084261,0.1313260730301089,-0.11035691591756419,0.07634556788066073,-0.18724214535068232,0.28680688336520077,-0.11825098126326786,0.14978871867013954
-0.14308426073131955,0.1057014734144779,-0.08476198401190478,0.05863884243479852,0.0,0.0,0.0,0.0
0.0,0.0,0.0,0.0,-0.16502697556331322,0.2390057361376673,-0.10027322968103003,0.12701627022780293
-0.13672496025437203,0.09609224855861627,-0.07962654345052023,0.055086114246298265,0.0,0.0,0.0,0.0
-0.1271860095389507,0.08968609865470853,-0.07415292869510103,0.05129943514795702,-0.13963821009203425,0.21669853409815168,-0.08900070008304578,0.112737337853499
0.0,0.0,0.0,0.0,-0.1364646144081244,0.21032504780114722,-0.08655801000967829,0.10964317819165745
-0.12400635930047695,0.08968609865470853,-0.07292000066331865,0.050446488235117194,0.0,0.0,0.0,0.0
0.0,0.0,0.0,0.0,-0.13329101872421453,0.20076481835564053,-0.08319743585516608,0.10538633320633187
-0.13036565977742448,0.08327994875080078,-0.0737090035531952,0.05099232510620286,-0.12694382735639478,0.18483110261312938,-0.07741206142803501,0.09805798960013686
-0.10174880763116058,0.06726457399103139,-0.05811724562583362,0.04020585464963986,0.0,0.0,0.0,0.0
0.0,0.0,0.0,0.0,-0.09838146620120596,0.165710643722116,-0.01243318528424246,0.059766487740143606
-0.10492845786963434,0.07687379884689302,-0.030759458261210026,0.07527822371574781,0.0,0.0,0.0,0.0
-0.16534181240063592,0.12171684817424729,-0.0485509667191978,0.11881973028480196,-0.15867978419549347,0.26449968132568513,-0.01989975879243064,0.09565840633027177
0.0,0.0,0.0,0.0,-0.1967629324024119,0.331421287444232,-0.02486637056848492,0.11953297548028721
-0.17170111287758347,0.1473414477898783,-0.05350322629607019,0.13093949199063082,0.0,0.0,0.0,0.0
-0.10810810810810811,0.09609224855861627,-0.03420394547808292,0.08370798463987895,-0.14281180577594413,0.26449968132568513,-0.019392978238508874,0.09322230543814598
0.0,0.0,0.0,0.0,-0.08251348778165661,0.1752708731676227,-0.012498200060222623,0.06007901463672829
-0.04133545310015898,0.05124919923126201,-0.015569823402650942,0.03810433328721883,0.0,0.0,0.0,0.0
0.0,0.0,0.0,0.0,-0.031735956839098696,0.07329509241555131,-0.005152946540507825,0.024770282851747982
-0.019077901430842606,0.0064061499039077515,-0.00475898522578632,0.011646757606861322,-0.0031735956839098697,0.0031867431485022306,-0.000290157561309985,0.0013947912730554789
-0.003179650238473768,0.0032030749519538757,-0.0010672795659658096,0.002611974152852323,0.0,0.0,0.0,0.0
0.0,0.0,0.0,0.0,0.0,0.0031867431485022306,-0.00020559605205815995,0.0009883029685344726
-0.003179650238473768,0.0,-0.0007519058636961272,0.0018401539240331538,0.0,0.0,0.0,0.0
-0.003179650238473768,0.0032030749519538757,-0.0010672795659658096,0.002611974152852323,-0.0031735956839098697,0.0,-0.0002047478296916871,0.0009842255522885355
0.0,0.0,0.0,0.0,0.0,0.0031867431485022306,-0.00020559605205815995,0.0009883029685344726
-0.022257551669316374,0.016015374759769378,0.013978571186701235,0.0026756765038684883,-0.015867978419549348,0.028680688336520075,0.010990408726918983,-0.005304929542922902
0.0,0.0,0.0,0.0,-0.02856236115518883,0.05417463352453792,0.02053487682705953,-0.009911922062855781
-0.03815580286168521,0.032030749519538756,0.02539637726621262,0.004861189961906319,0.0,0.0,0.0,0.0
-0.06677265500794913,0.05124919923126201,0.042909889345013046,0.008213499160291689,-0.050777530942557915,0.08922880815806246,0.034423824477055165,-0.01661593922357394
0.0,0.0,0.0,0.0,-0.11107584893684544,0.16889738687061823,0.06778089862427433,-0.03271697172436067
-0.11764705882352941,0.09288917360666239,0.07641515042357767,0.01462683272825922,0.0,0.0,0.0,0.0
0.0,0.0,0.0,0.0,-0.15867978419549347,0.2676864244741874,0.10434047628427587,-0.05036381165764644
-0.1685214626391097,0.13452914798206278,0.10992602878677232,0.021041241516025638,-0.1967629324024119,0.3505417463352454,0.1347876674248137,-0.06506028089676087
-0.22575516693163752,0.17616912235746318,0.14598049845516997,0.0279425260652612,0.0,0.0,0.0,0.0
0.0,0.0,0.0,0.0,-0.2792764201840685,0.4748247291268324,0.1847065487383695,-0.08915548561661135
-0.2766295707472178,0.21780909673286356,0.17948759664413175,0.034356211279549305,0.0,0.0,0.0,0.0
-0.29252782193958665,0.25624599615631005,0.19824894171638352,0.037947371600609216,-0.32053316407489685,0.5194391332058635,0.20466011997242145,-0.09878681891425961
0.0,0.0,0.0,0.0,-0.390352269120914,0.6373486297004461,0.2506004462226078,-0.12096162605670979
-0.35294117647058826,0.28507367072389495,0.23128338852067462,0.04427058532195336,0.0,0.0,0.0,0.0
0.0,0.0,0.0,0.0,-0.4062202475404633,0.6532823454429573,0.12117798211063065,-0.0658403646746481
-0.3656597774244833,0.2914798206278027,0.056500958867335034,0.06621736561040763,-0.45699777848302126,0.7297641810070108,0.13563319747400898,-0.0736944041164545
-0.4292527821939587,0.32671364509929535,0.06517933919973196,0.07638815730839996,0.0,0.0,0.0,0.0
0.0,0.0,0.0,0.0,-0.3966994604887337,0.6724028043339707,0.12297712544857287,-0.06681790408740984
-0.3783783783783784,0.3042921204356182,0.058668135454011276,0.0687572291323561,-0.3776578863852745,0.6437221159974506,0.11756226024165048,-0.06387581268038882
0.0,0.0,0.0,0.0,-0.41256743890828307,0.691523263224984,0.1268428164938559,-0.06891827334350614
-0.34340222575516693,0.2882767456758488,0.05417420322362984,0.0634904803993607,0.0,0.0,0.0,0.0
0.0,0.0,0.0,0.0,-0.45382418279911135,0.7170172084130019,0.13366764251430305,-0.07262644727247149
-0.8203497615262321,0.643818065342729,0.12600081879595565,0.14766903876822735,-0.5046017137416693,0.815806246016571,0.15110235288754142,-0.08209935372772909
-0.4642289348171701,0.34272901985906473,0.06972159150535993,0.0817115356659728,0.0,0.0,0.0,0.0
0.0,0.0,0.0,0.0,-0.5395112662646778,0.8572339069471,0.1595497622149171,-0.0866891356417625
-0.5373608903020668,0.3779628443305573,0.07937993089927448,0.09303080888995317,0.0,0.0,0.0,0.0
-0.5850556438791733,0.4196028187059577,0.08699173040584525,0.10195160104966138,-0.609330371310695,0.9623964308476737,0.17942831761591022,-0.0974898711715198
0.0,0.0,0.0,0.0,-0.6442399238337035,1.0070108349267048,0.18830967575822813,-0.10231543311529365
-0.6391096979332274,0.4548366431774504,-0.018152886117955788,0.05724042027101308,0.0,0.0,0.0,0.0
-0.6073131955484896,0.45803971812940425,-0.017603106855708216,0.055506833896766486,-0.6474135195176134,1.048438495857234,-0.08237180211771236,0.1545759833023268
0.0,0.0,0.0,0.0,-0.6505871152015232,1.0516252390057361,-0.08266455036853843,0.15512534421914648
-0.6327503974562798,0.45803971812940425,-0.018076552928351423,0.05699972334683314,0.0,0.0,0.0,0.0
0.0,0.0,0.0,0.0,-0.6188511583624245,0.9592096876991714,-0.07630839428766883,0.14319760862317835
-0.5945945945945946,0.4260089686098655,-0.016926866127097793,0.05337448407324455,-0.5966359885750555,0.9337157425111535,-0.07407196290277128,0.13900080132357953
-0.5850556438791733,0.4196028187059577,-0.01666108553139985,0.052536413867836154,0.0,0.0,0.0,0.0
0.0,0.0,0.0,0.0,-0.6029831799428752,0.9369024856596558,-0.07448033235132094,0.1397671328525412
-0.5627980922098569,0.40358744394618834,-0.016026535574308262,0.0505355250840439,0.0,0.0,0.0,0.0
-0.5468998410174881,0.3971812940422806,-0.015641446999486462,0.04932124809684009,-0.5680736274198667,0.8859145952836202,-0.07035131769976,0.13201877135715143
0.0,0.0,0.0,0.0,-0.5649000317359568,0.8508604206500956,-0.06827284238232725,0.1281183787749586
-0.5532591414944356,0.37475976937860345,-0.0154639138563833,0.04876144335520139,0.0,0.0,0.0,0.0
0.0,0.0,0.0,0.0,-0.5014281180577594,0.7425111536010197,-0.05989369024245395,0.11239436099263787
-0.48330683624801274,0.33952594490711085,-0.013668367500445899,0.043099653413805734,-0.4950809266899397,0.7393244104525175,-0.059480142384017186,0.11161831184454367
-0.4451510333863275,0.31069827033952596,-0.01256243331354059,0.03961237666678069,0.0,0.0,0.0,0.0
0.0,0.0,0.0,0.0,-0.4601713741669311,0.6755895474824729,0.04725521980294514,-0.017504063206087054
-0.4292527821939587,0.2882767456758488,0.030468048074961205,-0.009564044342209997,0.0,0.0,0.0,0.0
-0.3815580286168522,0.28187059577194107,0.027952635345551608,-0.00877444604487754,-0.437956204379562,0.6469088591459529,0.04516207765387458,-0.01672873102840512
0.0,0.0,0.0,0.0,-0.44112980006347186,0.662842574888464,0.04602914224873377,-0.017049905144946413
-0.3942766295707472,0.2882767456758488,0.02878006883153008,-0.009034180785043939,0.0,0.0,0.0,0.0
0.0,0.0,0.0,0.0,-0.42208822596001266,0.6054811982154238,0.042668598405406245,-0.01580510780645714
-0.4260731319554849,0.29788597053171045,0.03063357479872657,-0.009616003854746466,-0.5077753094255791,0.7202039515615041,0.050942749098926335,-0.0188699810060743
-0.4864864864864865,0.336322869955157,0.03484930236453177,-0.010939337902101231,0.0,0.0,0.0,0.0
0.0,0.0,0.0,0.0,-0.536337670580768,0.7903123008285532,0.05521546361932721,-0.02045266045055763
-0.5023847376788553,0.3587443946188341,0.03637540764422487,-0.01141838856297571,0.0,0.0,0.0,0.0
-0.6073131955484896,0.4228058936579116,0.04360383106682736,-0.013687420106051599,-0.5680736274198667,0.911408540471638,0.0620852339733822,-0.0229973294837379
0.0,0.0,0.0,0.0,-0.6283719454141542,0.9783301465901848,0.06721848529214827,-0.02489876504812842
-0.5945945945945946,0.4260089686098655,0.043100553471431845,-0.013529439219748638,0.0,0.0,0.0,0.0
-0.604133545310016,0.44202434336963486,0.04410927543055211,-0.01384608114975516,-0.6410663281497937,1.010197578075207,0.06916618053541462,-0.025620221445675523
0.0,0.0,0.0,0.0,-0.609330371310695,0.9687699171446781,-0.035816423509737065,0.0720633253187814
-0.5659777424483307,0.4196028187059577,-0.04828995667493133,-0.00891269028576812,0.0,0.0,0.0,0.0
0.0,0.0,0.0,0.0,-0.6378927324658838,0.9878903760356915,-0.03680146056088264,0.0740452386007834
-0.6136724960254372,0.4228058936579116,-0.05107741490494982,-0.009427160655992478,-0.6378927324658838,0.9974506054811981,-0.0370531619624064,0.07455166660793125
-0.6200317965023847,0.4676489429852659,-0.05322912772135514,-0.009824293957346093,0.0,0.0,0.0,0.0
0.0,0.0,0.0,0.0,-0.631545541098064,0.9751434034416826,-0.0363586146533891,0.07315422421211552
-0.6104928457869634,0.43241511851377323,-0.05127594565367428,-0.009463802707413106,0.0,0.0,0.0,0.0
-0.6645468998410174,0.490070467648943,-0.05659367998301451,-0.010445276338016105,-0.7013646461440812,1.064372211599745,-0.03989146431387664,0.08026238492271376
0.0,0.0,0.0,0.0,-0.606156775626785,0.9623964308476737,-0.03559471151021927,0.0716172365588586
-0.575516693163752,0.38757206918641895,-0.04755644490789697,-0.008777308859676727,0.0,0.0,0.0,0.0
0.0,0.0,0.0,0.0,-0.609330371310695,0.9305289993626513,-0.03480921559435759,0.07003680383625786
-0.5373608903020668,0.3779628443305573,-0.04502867560452884,-0.008310768268918908,-0.5649000317359568,0.8349267049075845,-0.03154806102727967,0.0634752988211556
-0.6073131955484896,0.3939782190903267,-0.0496166793335858,-0.00915755834873403,0.0,0.0,0.0,0.0
0.0,0.0,0.0,0.0,-0.609330371310695,0.8954748247291268,0.08278828639738783,0.0009341294091482833
-0.5659777424483307,0.3939782190903267,0.003999754845440881,0.10251629901196047,0.0,0.0,0.0,0.0
-0.6009538950715422,0.4548366431774504,0.00437137440542001,0.11204114825939335,-0.631545541098064,1.0006373486297004,0.0904427799786496,0.0010204977575891685
0.0,0.0,0.0,0.0,-0.6220247540463345,0.9560229445506692,0.08717893991543366,0.0009836707000127887
-0.5818759936406995,0.41319666880204997,0.004139301296435236,0.10609296464498086,0.0,0.0,0.0,0.0
0.0,0.0,0.0,0.0,-0.6251983497302444,0.981516889738687,0.08894871532190606,0.0010036396995743667
-0.6200317965023847,0.438821268417681,0.004405799002792109,0.11292347291526246,-0.5966359885750555,0.9050350541746335,0.08285545075702962,0.0009348872482861397
-0.5691573926868044,0.3971812940422806,0.004025507725029743,0.10317636194240734,0.0,0.0,0.0,0.0
0.0,0.0,0.0,0.0,-0.5807680101555062,0.8891013384321224,0.08117179530474668,0.0009158899705154529
-0.5437201907790143,0.38757206918641895,0.0038728153178545816,0.09926275696517543,-0.6125039669946049,0.9783301465901848,0.08822467395975635,0.0009954700857406256
-0.5564387917329093,0.4067905188981422,0.003997874644103351,0.10246810823778323,0.0,0.0,0.0,0.0
0.0,0.0,0.0,0.0,-0.5553792446842272,0.8476736775015934,0.0774595654106689,0.0008740035724695707
-0.5564387917329093,0.38757206918641895,0.003933118580319778,0.10080836851517468,0.0,0.0,0.0,0.0
-0.5087440381558028,0.33952594490711085,0.0035475485514633934,0.09092595974371048,-0.5998095842589654,0.8986615678776291,0.08258357770096246,0.0009318196087893115
0.0,0.0,0.0,0.0,-0.5490320533164075,0.8349267049075845,0.07637882789090181,0.0008618092301934361
-0.5945945945945946,0.38757206918641895,0.006692539344417913,-0.03187973647401784,0.0,0.0,0.0,0.0
0.0,0.0,0.0,0.0,-0.631545541098064,0.9623964308476737,-0.029712362457857258,-0.047708241095117176
-0.5914149443561209,0.4099935938500961,0.006785630027557662,-0.032323171513239046,-0.6283719454141542,1.010197578075207,-0.030708029774873524,-0.04930695397020796
-0.6232114467408585,0.4516335682254965,0.007257318009106804,-0.03457004490103471,0.0,0.0,0.0,0.0
0.0,0.0,0.0,0.0,-0.6886702634084417,1.0579987253027405,-0.03258467848438984,-0.05232023200259036
-0.5596184419713831,0.40358744394618834,0.0065059417050308465,-0.030990883489493335,0.0,0.0,0.0,0.0
-0.6263910969793323,0.43241511851377323,0.007177138269523005,-0.034188110804432216,-0.6029831799428752,0.9337157425111535,-0.028689711711917146,-0.04606620174491026
0.0,0.0,0.0,0.0,-0.6125039669946049,0.9655831739961759,-0.0295150006570204,-0.047391343225059
-0.5786963434022258,0.38757206918641895,0.0065674633128488865,-0.03128394006245661,0.0,0.0,0.0,0.0
0.0,0.0,0.0,0.0,-0.6410663281497937,0.9942638623326959,-0.030535887598371485,-0.04903055048762236
-0.6486486486486487,0.5060858424087123,0.007757705554695218,-0.03695362791299632,-0.7077118375119009,1.1153601019757806,-0.03409598685244642,-0.05474689410643948
-0.6422893481717011,0.4484304932735426,0.007386403379756237,-0.035184939694651016,0.0,0.0,0.0,0.0
0.0,0.0,0.0,0.0,-0.6378927324658838,0.9783301465901848,-0.030146232011371055,-0.048404892305273416
-0.5977742448330684,0.4099935938500961,0.006834995792339593,-0.032558324045199726,0.0,0.0,0.0,0.0
-0.5691573926868044,0.40358744394618834,0.006579105403514129,-0.031339396857450894,-0.6125039669946049,0.952836201402167,-0.02923769243599219,-0.04694607780783624
0.0,0.0,0.0,0.0,-0.5934623928911457,0.9145952836201402,0.024644666885537094,0.12166119544584722
-0.534181240063593,0.36835361947469575,-0.07330707259178053,0.20692184949643036,0.0,0.0,0.0,0.0
0.0,0.0,0.0,0.0,-0.5998095842589654,0.9337157425111535,0.02508559045977135,0.12383786471838165
-0.575516693163752,0.4099935938500961,-0.07983149519520459,0.22533815701309684,-0.6188511583624245,0.9369024856596558,0.025380888096597044,0.12529563502119842
-0.5723370429252782,0.3939782190903267,-0.07849929761988042,0.2215777997046583,0.0,0.0,0.0,0.0
0.0,0.0,0.0,0.0,-0.6188511583624245,0.9496494582536648,0.025621802572803526,0.12648493667869787
-0.5945945945945946,0.41639974375400385,-0.08200953924810933,0.23148606181651796,-0.6474135195176134,0.9910771191841937,0.026758868738693403,0.13209819287265243
-0.5627980922098569,0.41319666880204997,-0.07887923012018484,0.2226502246817758,0.0,0.0,0.0,0.0
0.0,0.0,0.0,0.0,-0.6220247540463345,0.952836201402167,0.025721327377303448,0.12697625217296735
-0.575516693163752,0.3779628443305573,-0.0777877122523485,0.21956922733751108,0.0,0.0,0.0,0.0
-0.6263910969793323,0.44522741832158874,-0.08682235134914107,0.24507105363265483,-0.6442399238337035,1.010197578075207,0.027083099863948298,0.13369879662528064
0.0,0.0,0.0,0.0,-0.6854966677245319,1.0611854684512427,0.028556783266754114,0.1409738020180002
-0.6391096979332274,0.438821268417681,-0.08758579597358512,0.24722600769224148,0.0,0.0,0.0,0.0
0.0,0.0,0.0,0.0,-0.609330371310695,0.9241555130656469,0.02502186135550344,0.1235232587614037
-0.5564387917329093,0.41319666880204997,0.11755505103480875,-0.06193326060413469,-0.5966359885750555,0.9432759719566602,0.10008414803990213,-0.02165800364834397
-0.5659777424483307,0.40358744394618834,0.1179042461780548,-0.06211723222949642,0.0,0.0,0.0,0.0
0.0,0.0,0.0,0.0,-0.6410663281497937,0.9783301465901848,0.10488397937746319,-0.022696677271052814
-0.575516693163752,0.4228058936579116,0.12112624558754448,-0.06381472567905654,0.0,0.0,0.0,0.0
-0.6359300476947536,0.44522741832158874,0.13167000319936575,-0.06936964894412659,-0.6283719454141542,0.9592096876991714,0.10282600152211348,-0.022251335098767897
0.0,0.0,0.0,0.0,-0.7108854331958108,1.0707456978967496,0.11524889560831067,-0.0249396238109282
-0.6454689984101749,0.4484304932735426,0.13330785394120168,-0.07023254199663152,0.0,0.0,0.0,0.0
0.0,0.0,0.0,0.0,-0.6950174547762614,1.0930528999362652,0.11615095323059221,-0.025134827223826324
-0.6645468998410174,0.490070467648943,0.14005083278490452,-0.07378504494992068,-0.6505871152015232,1.0038240917782026,0.10726536925779839,-0.023212005139916385
-0.5818759936406995,0.3843689942344651,0.11828251879180503,-0.062316523167321496,0.0,0.0,0.0,0.0
0.0,0.0,0.0,0.0,-0.5966359885750555,0.9273422562141491,0.09887958349203049,-0.021397338359350666
-0.6009538950715422,0.41639974375400385,0.12400741646382943,-0.0653326554077686,0.0,0.0,0.0,0.0
-0.5691573926868044,0.3971812940422806,0.11771859738148885,-0.06201942413705506,-0.6251983497302444,0.9432759719566602,0.10147635170772748,-0.021959273656707114
0.0,0.0,0.0,0.0,-0.6188511583624245,0.9273422562141491,0.09997146094676611,-0.02163361839331549
-0.5691573926868044,0.4067905188981422,0.11865884634460357,-0.06251478936001012,0.0,0.0,0.0,0.0
-0.5564387917329093,0.40038436899423446,-0.07982211155656972,0.07074897167758201,-0.6156775626785147,0.940089228808158,0.03201574741276056,0.04600265655104878
0.0,0.0,0.0,0.0,-0.5871152015233259,0.8986615678776291,0.030582569599313384,0.043943357860357725
-0.6009538950715422,0.4067905188981422,-0.08449989651359568,0.07489504685631125,0.0,0.0,0.0,0.0
0.0,0.0,0.0,0.0,-0.6537607108854332,1.0070108349267048,0.03420543918313257,0.049148971930365305
-0.5691573926868044,0.3939782190903267,-0.08060196346954158,0.0714401801638979,-0.5998095842589654,0.940089228808158,0.0317703162346316,0.04565000240092622
-0.5564387917329093,0.3811659192825112,-0.07853609571489988,0.06960913339737389,0.0,0.0,0.0,0.0
0.0,0.0,0.0,0.0,-0.6601079022532529,1.010197578075207,0.03438020770053344,0.049400092604772045
-0.5914149443561209,0.41319666880204997,-0.08400738728011097,0.07445851966940435,0.0,0.0,0.0,0.0
-0.5914149443561209,0.41639974375400385,-0.08422155049601293,0.07464833959524644,-0.6188511583624245,0.9177820267686424,0.03153647185363216,0.04531399704060088
0.0,0.0,0.0,0.0,-0.631545541098064,0.9623964308476737,0.032795103492635994,0.047122494536127074
-0.4864864864864865,0.3459320948110186,-0.06950834490968566,0.061607539934418185,0.0,0.0,0.0,0.0
0.0,0.0,0.0,0.0,-0.5172960964773088,0.7711918419375398,0.026456297136201713,0.03801441631451957
-0.4451510333863275,0.2946828955797566,-0.062162188519682866,0.05509639909586668,-0.5046017137416693,0.7393244104525175,0.02550166950898357,0.036642734863423565
-0.3815580286168522,0.2658552210121717,-0.2622985512383473,0.06307363625376321,0.0,0.0,0.0,0.0
0.0,0.0,0.0,0.0,-0.4062202475404633,0.6022944550669216,-0.29499602755046944,0.29239356848040254
-0.3751987281399046,0.2530429212043562,-0.25525385721284266,0.061379633498559356,0.0,0.0,0.0,0.0
-0.33068362480127184,0.2114029468289558,-0.2213721773850742,0.053232273404369465,-0.3554427165979054,0.5194391332058635,-0.25557936775996687,0.2533246430124104
0.0,0.0,0.0,0.0,-0.33957473817835604,0.4875717017208413,-0.2412695934664911,0.2391411097473644
-0.28298887122416533,0.19538757206918642,-0.19396320499806308,0.046641373278288115,0.0,0.0,0.0,0.0
0.0,0.0,0.0,0.0,-0.2824500158679784,0.4238368387507967,-0.2068190252097691,0.20499446488436784
-0.20985691573926868,0.15695067264573992,-0.14780755719036504,0.03554255276580203,-0.23484608060933035,0.34098151688973866,-0.16812197632385234,0.16663880190352315
-0.17170111287758347,0.12812299807815503,-0.12083516136481012,0.029056634047754406,0.0,0.0,0.0,0.0
0.0,0.0,0.0,0.0,-0.15867978419549347,0.24537922243467175,-0.11865785313001807,0.11761105189449957
-0.1271860095389507,0.09929532351057015,-0.09100977868952212,0.021884671682316142,-0.1364646144081244,0.20076481835564053,-0.09857284559019414,0.0977032345713657
-0.10174880763116058,0.06085842408712364,-0.06687162633758256,0.01608028948463982,0.0,0.0,0.0,0.0
0.0,0.0,0.0,0.0,-0.072992700729927,0.1147227533460803,-0.0552143495545708,0.054727247792593504
-0.05405405405405406,0.032030749519538756,-0.03543890917609921,0.008521819339262306,0.0,0.0,0.0,0.0
-0.01589825119236884,0.016015374759769378,-0.012728180328215564,0.003060682616827218,-0.031735956839098696,0.05736137667304015,-0.026619521470784377,0.02638468368104285
0.0,0.0,0.0,0.0,-0.015867978419549348,0.019120458891013385,0.011859202795499822,-0.0005502851051152867
-0.009538950715421303,0.0064061499039077515,0.007804503547804375,0.006510687990758841,-0.00952078705172961,0.012746972594008922,0.007593639503023096,-0.0003523564597204059
-0.009538950715421303,0.0032030749519538757,0.006834530018449354,0.005701514803733723,0.0,0.0,0.0,0.0
0.0,0.0,0.0,0.0,-0.00952078705172961,0.012746972594008922,0.007593639503023096,-0.0003523564597204059
-0.022257551669316374,0.016015374759769378,0.018624550995188477,0.015537008825085703,0.0,0.0,0.0,0.0
-0.05087440381558029,0.028827674567584883,0.03971670352073549,0.03313254495447421,-0.041256743890828305,0.05417463352453792,0.03250098904494057,-0.0015080954834276552
0.0,0.0,0.0,0.0,-0.06981910504601713,0.10834926704907584,0.0615202674987286,-0.0028546342828461276
-0.0794912559618442,0.06085842408712364,0.06799841327610098,0.05672576737208553,0.0,0.0,0.0,0.0
0.0,0.0,0.0,0.0,-0.12377023167248492,0.1752708731676227,0.10240950578576832,-0.004751957330345235
-0.11128775834658187,0.07687379884689302,0.09186905210724762,0.07663917770212639,-0.16185337987940335,0.23581899298916506,0.13651271523069752,-0.006334398285085699
-0.178060413354531,0.12491992312620116,0.14773628557555113,0.12324484887532132,0.0,0.0,0.0,0.0
0.0,0.0,0.0,0.0,-0.1777213582989527,0.289993626513703,0.16233379158850036,-0.0075325356272631355
-0.178060413354531,0.12171684817424729,0.14649763439247943,0.12221153889820781,0.0,0.0,0.0,0.0
-0.21303656597774245,0.15695067264573992,0.17972709396652334,0.1499322827050318,-0.22215169787369088,0.33779477374123645,0.1929651643369412,-0.008953878061772946
0.0,0.0,0.0,0.0,-0.23484608060933035,0.36010197578075204,0.2051914383057044,-0.009521195829424428
-0.22257551669316375,0.18257527226137094,0.037078799290836774,0.07058304289506682,0.0,0.0,0.0,0.0
0.0,0.0,0.0,0.0,-0.3268803554427166,0.4875717017208413,0.05399868267470485,0.06150553927207803
-0.3052464228934817,0.20499679692504805,0.0473592077750296,0.09015278428089195,-0.36178990796572513,0.5513065646908859,0.0606596985666987,0.06909256462610354
-0.3275039745627981,0.24983984625240233,0.05305561815462324,0.10099644658551582,0.0,0.0,0.0,0.0
0.0,0.0,0.0,0.0,-0.3871786734370041,0.5895474824729127,0.06488212528341046,0.0739019899562115
-0.3751987281399046,0.24663677130044845,0.05783182828477581,0.1100884196520688,0.0,0.0,0.0,0.0
-0.40381558028616854,0.2914798206278027,0.06414569421700939,0.12210746769170358,-0.45382418279911135,0.6819630337794773,0.07535481776532095,0.08583058833722862
0.0,0.0,0.0,0.0,-0.43478260869565216,0.6660293180369662,0.0731670069817403,0.0833386297300156
-0.4165341812400636,0.2914798206278027,0.06548099510163688,0.12464934071402595,0.0,0.0,0.0,0.0
-0.43879173290937995,0.32671364509929535,0.07046223670460643,0.13413161081061936,-0.5172960964773088,0.7998725302740599,0.08762688532783505,0.09980870958071933
0.0,0.0,0.0,0.0,-0.5077753094255791,0.8062460165710643,0.0876499185216595,0.09983494483197287
-0.4419713831478537,0.336322869955157,0.07153378778244325,0.13617141083483167,0.0,0.0,0.0,0.0
0.0,0.0,0.0,0.0,-0.4919073310060298,0.8317399617590822,0.088891180178124,0.10124876575828161
-0.4769475357710652,0.3491351697629725,0.07613126975739848,0.14492315775366338,0.0,0.0,0.0,0.0
-0.5087440381558028,0.3843689942344651,-0.01940381264487661,-0.04830277664166252,-0.5331640748968581,0.8891013384321224,0.06892853882058805,-0.1467370292425572
0.0,0.0,0.0,0.0,-0.6188511583624245,0.9974506054811981,0.07804564827545266,-0.1661457905419694
-0.5723370429252782,0.4196028187059577,-0.021596492071981735,-0.053761111379922975,0.0,0.0,0.0,0.0
-0.6200317965023847,0.4676489429852659,-0.02363371479194326,-0.05883246080039906,-0.631545541098064,1.0325047801147227,0.08047271158030939,-0.17131259177164998
0.0,0.0,0.0,0.0,-0.6791494763567121,1.0675589547482474,0.0841255540053104,-0.1790888663729582
-0.5373608903020668,0.41639974375400385,-0.020687789550819076,-0.05149903764643817,0.0,0.0,0.0,0.0
0.0,0.0,0.0,0.0,-0.5331640748968581,0.8731676226896112,0.06802216034407661,-0.14480750502387527
-0.5151033386327504,0.37475976937860345,-0.019385102210770763,-0.04825619992315757,-0.5934623928911457,0.9560229445506692,0.07481515553750231,-0.15926862593834515
-0.5564387917329093,0.4099935938500961,-0.02103347060562178,-0.052359556920922,0.0,0.0,0.0,0.0
0.0,0.0,0.0,0.0,-0.6251983497302444,1.0420650095602295,0.08079771571404862,-0.17200446979332945
-0.5786963434022258,0.44522741832158874,-0.022219586259584714,-0.05531220754444153,0.0,0.0,0.0,0.0
-0.6263910969793323,0.47405509288917363,-0.023905642092821144,-0.05950938156424404,-0.6696286893049825,1.0579987253027405,0.08324968867808695,-0.17722429941227077
0.0,0.0,0.0,0.0,-0.656934306569343,1.0420650095602295,0.08190326717484632,-0.1743579991123605
-0.534181240063593,0.40358744394618834,-0.020374003277120446,-0.050717915473745656,0.0,0.0,0.0,0.0
0.0,0.0,0.0,0.0,-0.5553792446842272,0.8827278521351178,0.06934063013950328,-0.1476143009350801
-0.5119236883942766,0.36835361947469575,7.258632595776921e-05,0.01764738651042571,-0.561726436052047,0.9369024856596558,0.0583981226953299,-0.03075528114391073
-0.5310015898251192,0.3939782190903267,7.609926875979044e-05,0.018501462792676927,0.0,0.0,0.0,0.0
0.0,0.0,0.0,0.0,-0.6505871152015232,1.064372211599745,0.06668772258065034,-0.035120986123395426
-0.5786963434022258,0.4484304932735426,8.426041970554057e-05,0.02048562417857448,0.0,0.0,0.0,0.0
-0.6009538950715422,0.44202434336963486,8.586067609483781e-05,0.020874682897900444,-0.656934306569343,1.0452517527087317,0.06599767253029445,-0.03475757232989411
0.0,0.0,0.0,0.0,-0.6981910504601713,1.1121733588272784,0.0702002977966785,-0.0369708784370865
-0.5850556438791733,0.4484304932735426,8.484014718150828e-05,0.020626569111440594,0.0,0.0,0.0,0.0
-0.505564387917329,0.36835361947469575,7.199349598221019e-05,0.017503256061947813,-0.5775944144715963,0.952836201402167,0.059565582203256376,-0.031370121891065125
0.0,0.0,0.0,0.0,-0.558552840368137,0.9496494582536648,0.05889741346366123,-0.03101823185608863
-0.5405405405405406,0.42921204356181936,7.943989744913871e-05,0.019313645595579017,0.0,0.0,0.0,0.0
0.0,0.0,0.0,0.0,-0.6474135195176134,1.0994263862332696,0.06820739342909675,-0.03592131842917882
-0.6168521462639109,0.464445868033312,8.886926556082515e-05,0.02160613941477063,-0.7013646461440812,1.1249203314212874,0.07086797817622388,-0.03732251127799687
-0.5659777424483307,0.41639974375400385,8.087042881714796e-05,0.019661440302549515,0.0,0.0,0.0,0.0
0.0,0.0,0.0,0.0,-0.6601079022532529,1.0452517527087317,0.06608810721721266,-0.034805199618117774
-0.5882352941176471,0.438821268417681,-0.0066260131501815235,0.12043832778893454,0.0,0.0,0.0,0.0
-0.5659777424483307,0.4067905188981422,-0.006293006008039705,0.11438539332709545,-0.6505871152015232,1.0675589547482474,0.04177774800206253,0.10447343209857929
0.0,0.0,0.0,0.0,-0.6188511583624245,0.9847036328871892,0.03886517791066384,0.09718998078231705
-0.5627980922098569,0.4196028187059577,-0.006338174487586278,0.11520640228407421,0.0,0.0,0.0,0.0
0.0,0.0,0.0,0.0,-0.6251983497302444,1.0739324410452518,0.04152650644452739,0.103845153432142
-0.6136724960254372,0.4548366431774504,-0.006896593031986187,0.12535654750254746,-0.7140590288797207,1.1504142766093053,0.045247417064622195,0.11315001838068268
-0.629570747217806,0.4676489429852659,-0.007080797059134358,0.12870474867554174,0.0,0.0,0.0,0.0
0.0,0.0,0.0,0.0,-0.6791494763567121,1.0803059273422562,0.04264233175663819,0.10663549292035301
-0.5818759936406995,0.44202434336963486,-0.006597534864367162,0.11992068964907016,0.0,0.0,0.0,0.0
-0.5182829888712241,0.36835361947469575,-0.00574087346561686,0.10434950619254628,-0.6188511583624245,0.9974506054811981,0.03922649286784207,0.09809351951884966
0.0,0.0,0.0,0.0,-0.5331640748968581,0.8827278521351178,0.034461659625653125,0.0861781218252185
-0.5246422893481717,0.39077514413837283,-0.005906417514892798,0.10735853258870683,0.0,0.0,0.0,0.0
0.0,0.0,0.0,0.0,-0.6442399238337035,1.0707456978967496,0.0417589753906667,0.10442648751119084
-0.6232114467408585,0.47085201793721976,-0.007052184137579345,0.1281846633169506,-0.6505871152015232,1.0325047801147227,0.04078199866257538,0.10198336607106197
-0.5977742448330684,0.4548366431774504,0.08945849360709315,0.10975398449980338,0.0,0.0,0.0,0.0
0.0,0.0,0.0,0.0,-0.5998095842589654,0.9783301465901848,0.07292695182612045,0.13948898801318407
-0.5659777424483307,0.41639974375400385,0.0836837613993871,0.10266913605602372,0.0,0.0,0.0,0.0
-0.5151033386327504,0.40038436899423446,0.0777001368755434,0.09532800379722485,-0.6537607108854332,1.0452517527087317,0.07834777976960595,0.14985752509167405
0.0,0.0,0.0,0.0,-0.5807680101555062,0.9018483110261313,0.0681675585015764,0.1303855915078667
-0.5023847376788553,0.36515054452274187,0.07396735986308875,0.09074836989275135,0.0,0.0,0.0,0.0
-0.5214626391096979,0.41319666880204997,0.07923801809298264,0.09721478485618941,-0.5712472231037765,0.9623964308476737,0.07112225968281972,0.13603711357663043
0.0,0.0,0.0,0.0,-0.6283719454141542,1.0197578075207139,0.07612032770917172,0.14559702844430744
-0.6200317965023847,0.4484304932735426,0.0911329353701199,0.11180830766013089,0.0,0.0,0.0,0.0
0.0,0.0,0.0,0.0,-0.6918438590923516,1.105799872530274,0.0828933922661639,0.15855201829573315
-0.6263910969793323,0.4612427930813581,0.09264424645831043,0.11366249061201654,-0.6442399238337035,1.048438495857234,0.07820109846704637,0.14957696453152236
-0.5437201907790143,0.4099935938500961,0.08110206958304131,0.0995017345922904,0.0,0.0,0.0,0.0
0.0,0.0,0.0,0.0,-0.583941605839416,0.9337157425111535,0.06998554212321868,0.13386288884797842
-0.5532591414944356,0.37475976937860345,0.07958504883765118,0.09764054663056704,0.0,0.0,0.0,0.0
-0.5627980922098569,0.4228058936579116,0.08383506679702589,0.10285476818101927,-0.5807680101555062,0.940089228808158,0.070223067542117,0.13431720895158747
0.0,0.0,0.0,0.0,-0.5775944144715963,0.9942638623326959,-0.12613410580885298,0.0549066521909406
-0.5914149443561209,0.44522741832158874,-0.25610011992428544,0.10817211219690093,0.0,0.0,0.0,0.0
0.0,0.0,0.0,0.0,-0.7426213900349095,1.1567877629063097,-0.15079188058122922,0.06564027458868535
-0.6931637519872814,0.49967969250480465,-0.2956157897866419,0.12486282470086321,-0.6728022849888924,1.0516252390057361,-0.13694691617932941,0.05961350934437415
-0.575516693163752,0.4228058936579116,-0.24705762436087095,0.1043527237291609,0.0,0.0,0.0,0.0
0.0,0.0,0.0,0.0,-0.5744208187876864,0.9337157425111535,-0.12025445746036728,0.0523472190796093
-0.4864864864864865,0.37155669442664957,-0.21177530485199758,0.08945010273230584,0.0,0.0,0.0,0.0
-0.5850556438791733,0.44202434336963486,-0.2536763836996458,0.10714836934623406,-0.5395112662646778,0.8699808795411089,-0.11229384139019938,0.04888193286707056
0.0,0.0,0.0,0.0,-0.6696286893049825,1.0866794136392606,-0.14001838667050248,0.06095053203853067
-0.629570747217806,0.48686739269698914,-0.27533321929511084,0.11629582952920889,0.0,0.0,0.0,0.0
-0.5977742448330684,0.4196028187059577,-0.2526658819246217,0.10672155146182466,-0.6664550936210726,1.035691523263225,-0.13509984004296335,0.05880947013278036
0.0,0.0,0.0,0.0,-0.631545541098064,1.0070108349267048,-0.13039075074032744,0.05675958579089001
-0.5310015898251192,0.438821268417681,-0.23831437134527453,0.10065972996387644,0.0,0.0,0.0,0.0
0.0,0.0,0.0,0.0,-0.5712472231037765,0.9177820267686424,-0.11858496428088021,0.05162048239920537
-0.5023847376788553,0.3779628443305573,0.08533473149991397,-0.048279792664314355,-0.561726436052047,0.9177820267686424,0.06666753177879124,-0.03542477760423245
-0.5818759936406995,0.4356181934657271,0.09866198081447047,-0.05581994451553407,0.0,0.0,0.0,0.0
0.0,0.0,0.0,0.0,-0.6791494763567121,1.064372211599745,0.07822551633217545,-0.04156628339321747
-0.6168521462639109,0.4516335682254965,0.1037711245281986,-0.05871054245678649,0.0,0.0,0.0,0.0
-0.6359300476947536,0.4516335682254965,0.10587156438638014,-0.059898907370748496,-0.6664550936210726,1.0548119821542383,0.07730389643636296,-0.04107656705043876
0.0,0.0,0.0,0.0,-0.6347191367819739,1.0739324410452518,0.07728921081393308,-0.041068763628072914
-0.5786963434022258,0.4548366431774504,0.09990741098443566,-0.056524570982705434,0.0,0.0,0.0,0.0
0.0,0.0,0.0,0.0,-0.6251983497302444,1.0197578075207139,0.0741092711434732,-0.03937905572056112
-0.5532591414944356,0.38757206918641895,0.091689760783404,-0.05187527472407632,-0.5522056490003173,0.8699808795411089,0.06384210257903747,-0.03392344407099336
-0.5310015898251192,0.3971812940422806,0.09000732827779466,-0.050923405641994504,0.0,0.0,0.0,0.0
0.0,0.0,0.0,0.0,-0.606156775626785,1.0261312938177183,0.07383924358732129,-0.039235572590640616
-0.5850556438791733,0.44522741832158874,0.09979224750008985,-0.056459414989957955,0.0,0.0,0.0,0.0
-0.6868044515103339,0.5092889173606663,0.11605745196851963,-0.0656617724073392,-0.6632814979371627,1.0866794136392606,0.07887746142021983,-0.04191270404413905
0.0,0.0,0.0,0.0,-0.6950174547762614,1.0707456978967496,0.07908962742815699,-0.04202544158587511
-0.6518282988871225,0.45803971812940425,0.10813579623780784,-0.06117994080706951,0.0,0.0,0.0,0.0
0.0,0.0,0.0,0.0,-0.6251983497302444,0.9719566602931803,-0.1258119220995687,0.4062738540756483
-0.5723370429252782,0.41639974375400385,-0.13144452474136578,0.2963352441526072,-0.5553792446842272,0.8795411089866156,-0.11324249179742174,0.3656844504073135
-0.5214626391096979,0.3843689942344651,-0.12030727602268003,0.27122686231065574,0.0,0.0,0.0,0.0
0.0,0.0,0.0,0.0,-0.561726436052047,0.9464627151051624,-0.11981714063738999,0.3869154107076732
-0.5723370429252782,0.4356181934657271,-0.1335754673745591,0.30113934996625796,0.0,0.0,0.0,0.0
-0.6454689984101749,0.464445868033312,-0.14767842304883436,0.3329337729080494,-0.6125039669946049,1.0038240917782026,-0.1280181266598424,0.41339816482953945
0.0,0.0,0.0,0.0,-0.6696286893049825,1.035691523263225,-0.13426447865051358,0.4335689837377403
-0.6232114467408585,0.4548366431774504,-0.14328417974416657,0.32302716656505504,0.0,0.0,0.0,0.0
-0.5532591414944356,0.40358744394618834,-0.12717979497533222,0.2867206197401479,-0.6537607108854332,1.0070108349267048,-0.13070476375736317,0.42207389595181377
0.0,0.0,0.0,0.0,-0.5172960964773088,0.7998725302740599,-0.10370157104907217,0.33487475781876364
-0.5405405405405406,0.361947469570788,-0.12081180557538666,0.27236429948027313,0.0,0.0,0.0,0.0
0.0,0.0,0.0,0.0,-0.5395112662646778,0.8667941363926067,-0.1111491539864988,0.35892461075036214
-0.5373608903020668,0.3939782190903267,-0.12374315544279756,0.27897288420729105,0.0,0.0,0.0,0.0
-0.629570747217806,0.45803971812940425,-0.12008872184774463,-0.15933550190445966,-0.6442399238337035,1.022944550669216,0.07818882803842131,-0.2650858874815514
0.0,0.0,0.0,0.0,-0.6410663281497937,1.077119184193754,0.08107000745399547,-0.2748540349462473
-0.6391096979332274,0.4484304932735426,-0.12042419558006501,-0.15978061344110173,0.0,0.0,0.0,0.0
-0.534181240063593,0.4067905188981422,-0.10356528144079018,-0.13741195546378313,-0.6442399238337035,0.9942638623326959,0.07662556779014637,-0.2597859202013798
0.0,0.0,0.0,0.0,-0.5649000317359568,0.8986615678776291,0.06865247332122427,-0.23275450310135784
-0.4642289348171701,0.3171044202434337,-0.08671535599334172,-0.11505522381644444,0.0,0.0,0.0,0.0
0.0,0.0,0.0,0.0,-0.6378927324658838,1.035691523263225,0.0786716087202533,-0.2667226730519847
-0.4769475357710652,0.33952594490711085,-0.0903029091365747,-0.1198152426749238,-0.5934623928911457,1.0293180369662205,0.07684600758738887,-0.26053328374108614
-0.604133545310016,0.4772581678411275,-0.11875323787656651,-0.15756356191243598,0.0,0.0,0.0,0.0
0.0,0.0,0.0,0.0,-0.7140590288797207,1.1312938177182918,0.08652507606642805,-0.2933485147930211
-0.6581875993640699,0.4772581678411275,-0.1254021291668043,-0.16638540974741753,0.0,0.0,0.0,0.0
0.0,0.0,0.0,0.0,-0.6823230720406219,1.035691523263225,0.08021592771926245,-0.2719584232566789
0.0,0.0,0.0,0.0,-0.6410663281497937,0.9878903760356915,0.07616802393657901,-0.25823469579339875
-0.629570747217806,0.43241511851377323,-0.11780680354813258,-0.15630781877169522,0.0,0.0,0.0,0.0
0.0,0.0,0.0,0.0,-0.6410663281497937,1.022944550669216,0.07807963645651049,-0.2647156920441403
-0.5850556438791733,0.40358744394618834,0.14880549773156937,0.08234449408035249,-0.6759758806728022,1.0675589547482474,0.09932592968022766,0.18609068712750176
-1.230524642289348,0.9096732863549007,0.32037914169439863,0.17728819659816872,0.0,0.0,0.0,0.0
0.0,0.0,0.0,0.0,-0.7013646461440812,1.105799872530274,0.10293330211887958,0.1928492286080068
-0.6645468998410174,0.4772581678411275,0.17129359613107986,0.09478873245706415,0.0,0.0,0.0,0.0
-0.5850556438791733,0.4228058936579116,0.15112652479685554,0.08362888076196935,-0.6886702634084417,1.0930528999362652,0.10155314007168864,0.19026344557495672
0.0,0.0,0.0,0.0,-0.606156775626785,0.9655831739961759,0.08961805495874232,0.16790263609908504
-0.5627980922098569,0.41319666880204997,0.14617540443159674,0.08088907942516918,0.0,0.0,0.0,0.0
-0.5437201907790143,0.4099935938500961,0.1425705576006806,0.07889426543607571,-0.5934623928911457,0.952836201402167,0.08823942180755032,0.16531971750745425
0.0,0.0,0.0,0.0,-0.5998095842589654,0.9751434034416826,0.0899930170817565,0.16860514106775873
-0.5659777424483307,0.42921204356181936,0.14871428056937464,0.08229401724188297,0.0,0.0,0.0,0.0
0.0,0.0,0.0,0.0,-0.6378927324658838,1.0165710643722115,0.09433898187808547,0.17674746178687492
-0.604133545310016,0.4228058936579116,0.15438156769412964,0.08543012375817495,-0.6728022849888924,1.0133843212237093,0.0956169392461344,0.17914176069256357
-0.6168521462639109,0.4516335682254965,0.16006027701456418,0.08857255097456779,0.0,0.0,0.0,0.0
0.0,0.0,0.0,0.0,-0.5934623928911457,0.9305289993626513,0.0867559637973737,0.1625404057876716
-0.5564387917329093,0.3843689942344651,0.14158908161270883,0.07835114609630953,0.0,0.0,0.0,0.0
-0.5627980922098569,0.3971812940422806,-0.11387665300508239,-0.08438806191191568,-0.5807680101555062,0.940089228808158,-0.064683145753335,-0.07973744781331334
0.0,0.0,0.0,0.0,-0.6188511583624245,0.981516889738687,-0.06792069194654635,-0.08372849784060844
-0.5723370429252782,0.41639974375400385,-0.11700916263782113,-0.08670940179899009,0.0,0.0,0.0,0.0
0.0,0.0,0.0,0.0,-0.7045382418279911,1.0739324410452518,-0.07518408419597693,-0.09268236601896206
-0.6232114467408585,0.44202434336963486,-0.1263115009920165,-0.09360288070132831,-0.6251983497302444,0.9783301465901848,-0.06796231617636658,-0.08377980965938912
-0.6073131955484896,0.4356181934657271,-0.12355678084328695,-0.09156150094238322,0.0,0.0,0.0,0.0
0.0,0.0,0.0,0.0,-0.6632814979371627,1.0261312938177183,-0.07152145599474216,-0.08816730074725689
-0.5437201907790143,0.4099935938500961,-0.11257706728697721,-0.08342500656083852,0.0,0.0,0.0,0.0
-0.5500794912559619,0.41639974375400385,-0.11405429366551384,-0.08451970216173839,-0.5998095842589654,0.9623964308476737,-0.06638036061626032,-0.08182967106535748
0.0,0.0,0.0,0.0,-0.5998095842589654,0.9751434034416826,-0.06701476076640374,-0.08261172098385902
-0.5278219395866455,0.37475976937860345,-0.10701563248075494,-0.0793037166180649,0.0,0.0,0.0,0.0
0.0,0.0,0.0,0.0,-0.5649000317359568,0.9050350541746335,-0.0624499580352578,-0.07698450982531617
-0.5119236883942766,0.3587443946188341,-0.10334178657439126,-0.0765812205873182,-0.561726436052047,0.8731676226896112,-0.0607748287011321,-0.07491951226985155
-0.5087440381558028,0.36835361947469575,-0.10383534648885477,-0.07694697215728337,0.0,0.0,0.0,0.0
0.0,0.0,0.0,0.0,-0.5426848619485877,0.8476736775015934,0.10626004576235891,-0.24211109542232961
-0.48330683624801274,0.3331197950032031,0.01676574502426305,-0.1517693478828276,0.0,0.0,0.0,0.0
-0.5214626391096979,0.35554131966688024,0.01802673685933981,-0.16318428400515372,-0.5553792446842272,0.82855321861058,0.10530592783642034,-0.23993715944711194
0.0,0.0,0.0,0.0,-0.5934623928911457,0.8922880815806246,0.11313446563162537,-0.257774304608813
-0.5691573926868044,0.3939782190903267,0.019771236728255353,-0.17897610280615733,0.0,0.0,0.0,0.0
-0.5691573926868044,0.41319666880204997,0.020088731871820302,-0.18185017913411552,-0.6251983497302444,0.9592096876991714,0.1208779362827351,-0.2754176262191163
0.0,0.0,0.0,0.0,-0.6347191367819739,0.981516889738687,0.12340053589013424,-0.2811653120014585
-0.5977742448330684,0.4260089686098655,0.020965969278245823,-0.18979123686336943,0.0,0.0,0.0,0.0
0.0,0.0,0.0,0.0,-0.6886702634084417,1.064372211599745,0.1338387336972508,-0.30494850809538654
-0.5850556438791733,0.40358744394618834,0.020300842342786174,-0.18377027679819322,-0.609330371310695,0.9177820267686424,0.11630330188524833,-0.2649944258789887
-0.5468998410174881,0.37155669442664957,0.018884746443649757,-0.1709512848094416,0.0,0.0,0.0,0.0
0.0,0.0,0.0,0.0,-0.5807680101555062,0.8763543658381134,0.11099176630126578,-0.2528922129598574
-0.5468998410174881,0.3587443946188341,0.01868154877589144,-0.16911186893604252,0.0,0.0,0.0,0.0
-0.5818759936406995,0.40038436899423446,0.02017415035745154,-0.18262341693790118,-0.6029831799428752,0.8922880815806246,0.1136941894293098,-0.25904962254058195
0.0,0.0,0.0,0.0,-0.6442399238337035,1.0070108349267048,0.1262079380340648,-0.287561913880194
-0.5723370429252782,0.37475976937860345,0.01148277452290784,0.295806016041288,0.0,0.0,0.0,0.0
0.0,0.0,0.0,0.0,-0.6632814979371627,1.0197578075207139,0.06172119205517628,0.3208084670386149
-0.604133545310016,0.4228058936579116,0.012376950484994646,0.31884074762615955,-0.6220247540463345,0.9432759719566602,0.057328089609250954,0.29797442229169885
-0.534181240063593,0.361947469570788,0.01083052068660087,0.27900340371264737,0.0,0.0,0.0,0.0
0.0,0.0,0.0,0.0,-0.5744208187876864,0.9018483110261313,0.054250511616510975,0.28197808383536976
-0.5310015898251192,0.3459320948110186,0.010637293466589684,0.2740257065517205,0.0,0.0,0.0,0.0
-0.5882352941176471,0.40358744394618834,0.01197388005482465,0.30845731129770315,-0.6125039669946049,0.9050350541746335,0.055446386301579,0.2881938860859808
0.0,0.0,0.0,0.0,-0.606156775626785,0.9273422562141491,0.056210433977304256,0.2921651795012913
-0.5405405405405406,0.3939782190903267,0.011227073129613371,0.28921893116073516,0.0,0.0,0.0,0.0
0.0,0.0,0.0,0.0,-0.606156775626785,0.9719566602931803,0.05811837152192415,0.3020820734969184
-0.5596184419713831,0.4067905188981422,0.011612528191604627,0.299148580656431,-0.6188511583624245,0.940089228808158,0.05710448481518324,0.29681219083085436
-0.5310015898251192,0.37475976937860345,0.010908951117021391,0.28102383815667603,0.0,0.0,0.0,0.0
0.0,0.0,0.0,0.0,-0.5934623928911457,0.9177820267686424,0.05545269783888621,0.28822669158666475
-0.5437201907790143,0.3843689942344651,0.023766954552994997,0.20200297492123534,0.0,0.0,0.0,0.0
-0.5214626391096979,0.36835361947469575,0.022788250581124228,0.19368465574221327,-0.5902887972072357,0.8954748247291268,-0.007187740287098836,0.232335467084201
0.0,0.0,0.0,0.0,-0.5712472231037765,0.8763543658381134,-0.007010613614450377,0.22661005039145896
-0.5659777424483307,0.40358744394618834,0.024811864391123827,0.21088399900683455,0.0,0.0,0.0,0.0
-0.5850556438791733,0.4356181934657271,0.02603558788244441,0.221284817722441,-0.6125039669946049,0.9719566602931803,-0.007699240153219685,0.2488691140388631
0.0,0.0,0.0,0.0,-0.631545541098064,1.0070108349267048,-0.007966043408747339,0.25749322349700027
-0.5564387917329093,0.3939782190903267,0.024335649560432823,0.20683649631621015,0.0,0.0,0.0,0.0
0.0,0.0,0.0,0.0,-0.5871152015233259,0.9273422562141491,-0.0073555891581452894,0.2377609894732235
-0.5500794912559619,0.3811659192825112,0.02388736113438741,0.20302634910184944,-0.5649000317359568,0.8891013384321224,-0.0070594295022029475,0.22818796801634594
-0.5405405405405406,0.40038436899423446,0.024010164124636975,0.20407009113048513,0.0,0.0,0.0,0.0
0.0,0.0,0.0,0.0,-0.5998095842589654,0.940089228808158,-0.007473319472023732,0.24156648694146296
-0.5691573926868044,0.39077514413837283,0.024642654702477458,0.20944583155396013,0.0,0.0,0.0,0.0
-0.5691573926868044,0.40358744394618834,0.024904357296697547,0.21167012589757014,-0.5902887972072357,0.911408540471638,-0.007277132594195879,0.23522497096073974
0.0,0.0,0.0,0.0,-0.5934623928911457,0.9209687699171446,-0.007342489994301674,0.23733757401461522
-0.5786963434022258,0.3843689942344651,0.02479684970302227,0.21075638435358707,0.0,0.0,0.0,0.0
0.0,0.0,0.0,0.0,-0.6125039669946049,0.9432759719566602,0.005386000751379761,-0.12350723157896752
-0.5564387917329093,0.41319666880204997,-0.02762219035866359,-0.1463562346652715,-0.5744208187876864,0.8540471637985978,0.004928945090038885,-0.11302641621791419
-0.5437201907790143,0.3779628443305573,-0.026390967677957233,-0.13983259865947786,0.0,0.0,0.0,0.0
0.0,0.0,0.0,0.0,-0.5744208187876864,0.8699808795411089,0.004992442363554659,-0.11448248219836114
-0.5405405405405406,0.3811659192825112,-0.026360374568447337,-0.13967050100333864,0.0,0.0,0.0,0.0
-0.5723370429252782,0.3811659192825112,-0.027405747820594167,-0.1452094134146063,-0.5902887972072357,0.8922880815806246,0.005123461793134025,-0.11748690937491836
0.0,0.0,0.0,0.0,-0.561726436052047,0.8572339069471,0.004908034723278713,-0.11254691730414446
-0.5532591414944356,0.40358744394618834,-0.027293117531134833,-0.14461264158512835,0.0,0.0,0.0,0.0
0.0,0.0,0.0,0.0,-0.5744208187876864,0.8795411089866156,0.005030711566546384,-0.11536003931994726
-0.4864864864864865,0.36515054452274187,-0.024242639305702557,-0.1284496761864543,-0.5426848619485877,0.82855321861058,0.004743175204590235,-0.10876649771407312
-0.5532591414944356,0.4067905188981422,-0.02736854425561206,-0.14501229024601595,0.0,0.0,0.0,0.0
0.0,0.0,0.0,0.0,-0.5998095842589654,0.9337157425111535,0.005314559743910103,-0.12186900658400637
-0.5087440381558028,0.35233824471492636,-0.024663512961868143,-0.13067967615337878,0.0,0.0,0.0,0.0
-0.5373608903020668,0.3779628443305573,-0.026183262152968612,-0.138732070491299,-0.583941605839416,0.8891013384321224,0.005093991482764304,-0.11681112104596118
0.0,0.0,0.0,0.0,-0.558552840368137,0.8476736775015934,0.19161702072032585,0.054662164883263704
-0.5310015898251192,0.37475976937860345,0.11408115628374639,0.1964638788901948,0.0,0.0,0.0,0.0
-0.5023847376788553,0.3459320948110186,0.10706665383099696,0.18438391401918408,-0.5458584576324976,0.8349267049075845,0.188290702252381,0.05371327335021755
0.0,0.0,0.0,0.0,-0.5331640748968581,0.8189929891650732,0.18446250354519053,0.05262121154823512
-0.48330683624801274,0.35554131966688024,0.10531649038827877,0.18136988514842986,0.0,0.0,0.0,0.0
0.0,0.0,0.0,0.0,-0.5395112662646778,0.8030592734225621,0.18261474938492314,0.05209410679421804
-0.4483306836248013,0.3299167200512492,0.09770586271737519,0.1682633083769268,-0.5490320533164075,0.8317399617590822,0.1881168665377314,0.05366368361929982
-0.5437201907790143,0.35233824471492636,0.11372495524269638,0.19585045034100168,0.0,0.0,0.0,0.0
0.0,0.0,0.0,0.0,-0.5712472231037765,0.8763543658381134,0.1974583919292214,0.05632851996468955
-0.5214626391096979,0.36835361947469575,0.11206480553047454,0.19299143783949524,0.0,0.0,0.0,0.0
-0.5405405405405406,0.3331197950032031,0.11145073743346291,0.19193392576500712,-0.606156775626785,0.9177820267686424,0.2076113775409293,0.05922483977739871
0.0,0.0,0.0,0.0,-0.5807680101555062,0.8795411089866156,0.19894714892443566,0.056753214389211944
-0.5246422893481717,0.3491351697629725,0.11061717437538827,0.1904984123373417,0.0,0.0,0.0,0.0
0.0,0.0,0.0,0.0,-0.5934623928911457,0.9209687699171446,0.20680590127557213,0.058995063339684586
-0.5627980922098569,0.40038436899423446,0.1212354738047772,0.20878462507458503,-0.6029831799428752,0.9018483110261313,0.20477487013741918,0.05841567556640948
-0.5850556438791733,0.3811659192825112,-0.09874512047049847,-0.21207716620172018,0.0,0.0,0.0,0.0
0.0,0.0,0.0,0.0,-0.6251983497302444,0.9241555130656469,-0.12458550229170216,-0.19773476791688516
-0.5723370429252782,0.4067905188981422,-0.09929753864109675,-0.213263607411378,0.0,0.0,0.0,0.0
-0.5659777424483307,0.3971812940422806,-0.09777904570592949,-0.2100023052118043,-0.6378927324658838,1.0133843212237093,-0.13370465642430607,-0.21220815200122925
0.0,0.0,0.0,0.0,-0.6125039669946049,0.9655831739961759,-0.12767820383902,-0.20264332157237588
-0.5564387917329093,0.3779628443305573,-0.0951247439031811,-0.20430160018568427,0.0,0.0,0.0,0.0
0.0,0.0,0.0,0.0,-0.5966359885750555,0.940089228808158,-0.12432533260888497,-0.1973218419270664
-0.6009538950715422,0.4067905188981422,-0.10262287004527779,-0.2204054981450168,-0.6823230720406219,1.0516252390057361,-0.13997433524871658,-0.22215901678448094
-0.6136724960254372,0.44522741832158874,-0.10721615935436855,-0.2302706112318722,0.0,0.0,0.0,0.0
0.0,0.0,0.0,0.0,-0.7140590288797207,1.064372211599745,-0.14311399672437702,-0.22714210247107813
-0.6422893481717011,0.44522741832158874,-0.11051727513533234,-0.2373604935146098,0.0,0.0,0.0,0.0
-0.6009538950715422,0.44202434336963486,-0.10549661089803575,-0.22657749746556152,-0.6823230720406219,1.048438495857234,-0.13967596734972965,-0.2216854648368242
0.0,0.0,0.0,0.0,-0.5998095842589654,0.9273422562141491,-0.12331806597574117,-0.19572316768109535
-0.5278219395866455,0.36835361947469575,-0.09102086843050772,-0.1954876124509755,0.0,0.0,0.0,0.0
-0.534181240063593,0.39077514413837283,-0.09359615632855212,-0.20101861749677938,-0.5680736274198667,0.8763543658381134,-0.11661314368411675,-0.1850815101138215
0.0,0.0,0.0,0.0,-0.609330371310695,0.9432759719566602,-0.004241026694445827,0.2543984111105699
-0.5818759936406995,0.40038436899423446,-0.034934065936605814,0.19137359575496934,0.0,0.0,0.0,0.0
0.0,0.0,0.0,0.0,-0.6378927324658838,0.981516889738687,-0.004420886735398918,0.26518733368459463
-0.6104928457869634,0.4196028187059577,-0.03663889018874202,0.2007128564025458,-0.6474135195176134,1.0261312938177183,-0.004582172793856388,0.2748620940579736
-0.5914149443561209,0.438821268417681,-0.036423528755325826,0.19953307698681466,0.0,0.0,0.0,0.0
0.0,0.0,0.0,0.0,-0.5426848619485877,0.8667941363926067,-0.0038622175112458627,0.23167550430916475
-0.49920508744038156,0.36515054452274187,-0.03059050839229084,0.16757899288416067,0.0,0.0,0.0,0.0
-0.5627980922098569,0.3971812940422806,-0.03406932863086866,0.18663644640960855,-0.5680736274198667,0.8636073932441045,-0.0039038825748529474,0.23417478732342745
0.0,0.0,0.0,0.0,-0.5871152015233259,0.8986615678776291,-0.004054025886904754,0.24318114893743967
-0.5564387917329093,0.4067905188981422,-0.034091148598798575,0.18675597918113257,0.0,0.0,0.0,0.0
0.0,0.0,0.0,0.0,-0.631545541098064,0.9687699171446781,-0.004367463557120106,0.26198273898388097
-0.5659777424483307,0.40038436899423446,-0.034289184720596735,0.187840848167945,-0.6378927324658838,0.9847036328871892,-0.004430982818853423,0.26579294826198685
-0.5691573926868044,0.4228058936579116,-0.03506747456488256,0.19210442648461845,0.0,0.0,0.0,0.0
0.0,0.0,0.0,0.0,-0.6220247540463345,0.9847036328871892,0.10574524631226637,-0.10434494000946389
-0.5405405405405406,0.3587443946188341,-0.021193326194463465,0.03952759797041765,0.0,0.0,0.0,0.0
-0.4737678855325914,0.3171044202434337,-0.018623801017151557,0.03473518562080805,-0.558552840368137,0.8508604206500956,0.09240815014229274,-0.09118445716707897
0.0,0.0,0.0,0.0,-0.5299904792129483,0.7807520713830465,0.08567420729877104,-0.08453968696190595
-0.48330683624801274,0.3299167200512492,-0.019116368317312407,0.03565387115584306,0.0,0.0,0.0,0.0
0.0,0.0,0.0,0.0,-0.510948905109489,0.7648183556405354,0.08350860835864382,-0.08240276545127043
-0.43879173290937995,0.30108904548366433,-0.017384421626783823,0.03242362348913685,0.0,0.0,0.0,0.0
-0.48012718600953896,0.3459320948110186,-0.019331774219614548,0.03605562394483559,0.0,0.0,0.0,0.0
0.0,0.0,0.0,0.0,-0.5299904792129483,0.7839388145315487,0.08591374440065648,-0.08477605205062558
-0.5119236883942766,0.336322869955157,-0.02000959818313246,0.03731983102959468,-0.5490320533164075,0.0,0.04984707549350351,-0.049186987438257036
-0.534181240063593,0.361947469570788,-0.02107906448991248,0.03931448886807741,0.0,0.7966857871255576,0.07233176339262405,-0.0713739271994735
0.0,0.0,0.0,0.0,-1.266264677880038,1.9279796048438496,0.20942064684050674,-0.20664744367597151
-0.6200317965023847,0.44202434336963486,-0.02487525796659094,0.04639475593834354,0.0,0.0,0.0,0.0
-0.5850556438791733,0.4067905188981422,-0.023278343827721034,0.043416357007692655,-0.6505871152015232,1.0070108349267048,0.10884811084625742,-0.10740671559699906
0.0,0.0,0.0,0.0,-0.7172326245636306,1.0834926704907584,0.11797146022926827,-0.11640925119320408
-0.6263910969793323,0.44202434336963486,-0.06901421806588313,0.21760602127849601,0.0,0.0,0.0,0.0
0.0,0.0,0.0,0.0,-0.6664550936210726,1.0197578075207139,-0.0841963766994742,0.28979047009441383
-0.5405405405405406,0.3843689942344651,-0.05970770699839865,0.18826202663312722,-0.5426848619485877,0.8636073932441045,-0.07049379295285482,0.24262836715007535
-0.5023847376788553,0.3491351697629725,-0.05507359584368798,0.17365039270030158,0.0,0.0,0.0,0.0
0.0,0.0,0.0,0.0,-0.583941605839416,0.8922880815806246,-0.07370184257499629,0.2536699611536376
-0.5214626391096979,0.36835361947469575,-0.05747287705273152,0.18121547207756575,0.0,0.0,0.0,0.0
-0.534181240063593,0.361947469570788,-0.058086331793712385,0.18314973213528085,-0.6125039669946049,0.9337157425111535,-0.07717866641417157,0.2656366330495834
0.0,0.0,0.0,0.0,-0.6378927324658838,0.9751434034416826,-0.0805352915787803,0.2771896003210216
-0.5564387917329093,0.37155669442664957,-0.060231667209684765,0.18991410500308528,0.0,0.0,0.0,0.0
0.0,0.0,0.0,0.0,-0.6029831799428752,0.9145952836201402,-0.07571297723762001,0.2605919651893355
-0.5596184419713831,0.3587443946188341,-0.05983966987583611,0.18867811360071723,-0.5871152015233259,0.9050350541746335,-0.07455971905436745,0.2566226348669883
-0.5151033386327504,0.36515054452274187,-0.05683901765911722,0.17921687491078,0.0,0.0,0.0,0.0
0.0,0.0,0.0,0.0,-0.6188511583624245,0.9369024856596558,-0.07760383407397986,0.26709999217303554
-0.505564387917329,0.34272901985906473,-0.054983230244393465,0.17336546447719034,0.0,0.0,0.0,0.0
-0.5246422893481717,0.35233824471492636,-0.15912040138733835,-0.1405358125415101,-0.5744208187876864,0.8859145952836202,-0.013074777508923344,-0.22580340415117653
0.0,0.0,0.0,0.0,-0.6854966677245319,1.0293180369662205,-0.015314251896166132,-0.26447946879576967
-0.5850556438791733,0.41319666880204997,-0.18034085832837765,-0.15927781000198402,0.0,0.0,0.0,0.0
0.0,0.0,0.0,0.0,-0.6728022849888924,1.0452517527087317,-0.015393217130938223,-0.2658432104585984
-0.5596184419713831,0.3971812940422806,-0.17278360977972154,-0.15260321607120195,-0.6125039669946049,0.9751434034416826,-0.014259936455566877,-0.24627128013833505
-0.5596184419713831,0.4067905188981422,-0.17419510355060427,-0.15384985334875265,0.0,0.0,0.0,0.0
0.0,0.0,0.0,0.0,-0.6410663281497937,1.0165710643722115,-0.014882510833630801,-0.25702323471715616
-0.534181240063593,0.3843689942344651,-0.16569711503961693,-0.14634439389825218,0.0,0.0,0.0,0.0
-0.575516693163752,0.4067905188981422,-0.1774485729641256,-0.15672333131651595,-0.6632814979371627,1.0611854684512427,-0.015496685996769411,-0.2676301335716226
0.0,0.0,0.0,0.0,-0.6728022849888924,1.0293180369662205,-0.015227679273032205,-0.26298434637425266
-0.5914149443561209,0.4260089686098655,-0.18351769189843017,-0.16208360286816517,0.0,0.0,0.0,0.0
-0.5564387917329093,0.40358744394618834,-0.173073434458256,-0.1528591904549849,-0.7045382418279911,1.105799872530274,-0.016236564931772193,-0.280407955761664
0.0,0.0,0.0,0.0,-0.6283719454141542,0.9847036328871892,-0.014465073417346692,-0.2498140267935266
-0.48012718600953896,0.33952594490711085,-0.14806035722151545,-0.13076753468375582,0.0,0.0,0.0,0.0
0.0,0.0,0.0,0.0,-0.5998095842589654,0.9655831739961759,-0.014076247250999072,-0.24309893952535525
-0.5023847376788553,0.3491351697629725,-0.04169860019127643,0.10051291476538667,-0.656934306569343,1.0197578075207139,0.03581807299292035,0.09985864081168849
-0.5278219395866455,0.3843689942344651,-0.04450364331269208,0.10727436620219222,0.0,0.0,0.0,0.0
0.0,0.0,0.0,0.0,-0.6474135195176134,1.0038240917782026,0.03527031465652989,0.09833152339875467
-0.5468998410174881,0.41319666880204997,-0.046718684399571185,0.11261363982159506,0.0,0.0,0.0,0.0
-0.3942766295707472,0.27226137091607944,-0.03265781534756746,0.0787204413432686,-0.6728022849888924,1.0707456978967496,0.037339849797157196,0.10410126333691151
0.0,0.0,0.0,0.0,-0.6442399238337035,1.0070108349267048,0.035298839955157944,0.09841105022171659
-0.5023847376788553,0.37475976937860345,-0.042719392104546366,0.10297349545876837,0.0,0.0,0.0,0.0
0.0,0.0,0.0,0.0,-0.606156775626785,0.9464627151051624,0.033186833000508474,0.09252290141153868
-0.3052464228934817,0.20499679692504805,-0.02506147630063189,0.060409750441146944,-0.656934306569343,1.022944550669216,0.03589721258979699,0.10007927726468942
-0.5500794912559619,0.39077514413837283,-0.045990182199228034,0.11085761253929778,0.0,0.0,0.0,0.0
0.0,0.0,0.0,0.0,-0.6537607108854332,1.0261312938177183,0.03592598558642039,0.10015949465481702
-0.6009538950715422,0.4612427930813581,-0.05163382789189139,0.1244614092104241,0.0,0.0,0.0,0.0
-0.5564387917329093,0.3811659192825112,-0.04597093162990671,0.11081120976259777,-0.6950174547762614,1.0739324410452518,0.03777189805174616,0.10530578797666094
0.0,0.0,0.0,0.0,-0.6378927324658838,0.9942638623326959,0.09263184813368765,0.06066211803044095
-0.492845786963434,0.3459320948110186,-0.09789605625429365,0.23831511644321013,0.0,0.0,0.0,0.0
0.0,0.0,0.0,0.0,-0.5426848619485877,0.8476736775015934,0.07892552461359148,0.05168621360997084
-0.4356120826709062,0.3074951953875721,-0.08668992731793293,0.21103526448053925,-0.5204696921612186,0.787125557680051,0.07399570233199546,0.04845780494555903
-0.4165341812400636,0.3042921204356182,-0.08386669934205918,0.2041624860504421,0.0,0.0,0.0,0.0
0.0,0.0,0.0,0.0,-0.5426848619485877,0.8349267049075845,0.07808556470552849,0.0511361463478968
-0.4483306836248013,0.31390134529147984,-0.0889805452264529,0.21661147351778426,-0.49825452237384954,0.8062460165710643,0.07432052300582619,0.04867052131095217
-0.4419713831478537,0.32351057014734147,-0.08904933858827173,0.21677894193949257,0.0,0.0,0.0,0.0
0.0,0.0,0.0,0.0,-0.5395112662646778,0.8413001912045889,0.07837045918560358,0.05132271611763295
-0.3815580286168522,0.28507367072389495,-0.07743627196296073,0.18850845351568166,0.0,0.0,0.0,0.0
-0.22575516693163752,0.1601537475976938,-0.04500155176620329,0.10955037883681358,-0.49825452237384954,0.7711918419375398,0.07199673067950359,0.04714873191326932
0.0,0.0,0.0,0.0,-0.43478260869565216,0.6755895474824729,0.06299906929306914,0.04125640429573009
-0.3370429252782194,0.24983984625240233,-0.06821031644352493,0.1660490741694602,0.0,0.0,0.0,0.0
0.0,0.0,0.0,0.0,-0.4030466518565535,0.6054811982154238,0.05703618386357877,0.037351470225930467
-0.33068362480127184,0.2274183215887252,-0.06524992437741581,0.15884238774156428,-0.37448429070136463,0.579987253027406,0.05413625886151221,0.03545238695922392
-0.2893481717011129,0.2274183215887252,0.019379528150896344,0.17238586519392873,0.0,0.0,0.0,0.0
0.0,0.0,0.0,0.0,-0.3871786734370041,0.5831739961759081,0.11345145262215779,0.17242309537304798
-0.1875993640699523,0.1441383728379244,0.01245783813456643,0.11081566014154086,0.0,0.0,0.0,0.0
-0.2480127186009539,0.16976297245355543,0.015826426117496156,0.14078011280507766,-0.3554427165979054,0.5417463352453792,0.10501428477316306,0.15960031908343433
0.0,0.0,0.0,0.0,-0.3681370993335449,0.5544933078393881,0.1078718729850025,0.1639432710104391
-0.18124006359300476,0.13452914798206278,0.011885642357318187,0.10572583218736084,0.0,0.0,0.0,0.0
0.0,0.0,0.0,0.0,-0.291970802919708,0.46526449968132566,0.08902520312072565,0.13530017230728603
-0.11446740858505565,0.08968609865470853,0.007657472500328204,0.06811517865086614,-0.2729292288162488,0.46207775653282346,0.08697877589782715,0.13219001983173356
-0.2384737678855326,0.18577834721332478,0.015918453923308443,0.14159872370227414,0.0,0.0,0.0,0.0
0.0,0.0,0.0,0.0,-0.291970802919708,0.4588910133843212,0.08815195208249055,0.1339730086300462
-0.1875993640699523,0.1729660474055093,0.01343673715348157,0.1195232175701447,0.0,0.0,0.0,0.0
-0.178060413354531,0.1313260730301089,0.011650721572221091,0.10363615165047291,-0.24754046334496985,0.3760356915232632,0.07296538315650497,0.11089251770821233
0.0,0.0,0.0,0.0,-0.2094573151380514,0.32504780114722753,0.06267210199571889,0.09524882731670484
-0.17170111287758347,0.11851377322229341,0.010986154255472325,0.09772465519992361,0.0,0.0,0.0,0.0
0.0,0.0,0.0,0.0,-0.18089495398286257,0.26449968132568513,-0.03962218949158217,0.010214490057710817
-0.12400635930047695,0.09288917360666239,-0.08269685453743404,0.0068819425322699905,-0.15867978419549347,0.2517527087316762,-0.03679634432857515,0.009485995047905822
-0.13672496025437203,0.1057014734144779,-0.0922404883386203,0.007676153385103125,0.0,0.0,0.0,0.0
0.0,0.0,0.0,0.0,-0.16502697556331322,0.25493945188017847,-0.0375509142942359,0.0096805210827108
-0.12400635930047695,0.09288917360666239,-0.08269685453743404,0.0068819425322699905,-0.1364646144081244,0.20395156150414276,-0.030342769319342197,0.007822281391130096
-0.10810810810810811,0.07687379884689302,-0.07080239287508702,0.005892098334804089,0.0,0.0,0.0,0.0
0.0,0.0,0.0,0.0,-0.0952078705172961,0.1561504142766093,-0.022613658357414152,0.005829738119579426
-0.06677265500794913,0.05124919923126201,-0.04492636875209377,0.0037387236753427425,0.0,0.0,0.0,0.0
-0.07631160572337042,0.06085842408712364,-0.05209693278352347,0.0043354502360358526,-0.08886067914947635,0.14021669853409816,-0.02052601183386221,0.0052915486622965
0.0,0.0,0.0,0.0,-0.08568708346556649,0.13065646908859146,-0.01931982082836502,0.004980595981704006
-0.06359300476947535,0.05445227418321589,-0.04468492881820663,0.0037186313059376377,0.0,0.0,0.0,0.0
0.0,0.0,0.0,0.0,-0.060298317994287524,0.09560229445506692,-0.01397594456572713,0.0036029595700173608
-0.028616852146263912,0.032030749519538756,-0.02292529421391253,0.0019078181171221019,-0.034909552523008563,0.05736137667304015,-0.008302891951488655,0.0021404624120215784
-0.028616852146263912,0.022421524663677132,-0.01940382614586021,0.0016147653642802177,0.0,0.0,0.0,0.0
0.0,0.0,0.0,0.0,-0.031735956839098696,0.03824091778202677,-0.006144647584204286,0.0015840730273203585
